0 0.85 0.85 2 1 0
0.000199688 0.849989 0.849989 1 1 0
0.000399376 0.849978 0.849978 1 1 0
0.000798753 0.849955 0.849955 1 1 0
0.00159751 0.849911 0.849911 1 1 0
0.00319501 0.849821 0.849821 1 1 0
0.00639002 0.849643 0.849643 1 1 0
0.0113822 0.849364 0.849364 1 1 0
0.0163744 0.849084 0.849084 1 1 0
0.0213666 0.848805 0.848805 1 1 0
0.0263588 0.848526 0.848526 1 1 0
0.031351 0.848246 0.848246 1 1 0
0.0363431 0.847967 0.847967 1 1 0
0.0413353 0.847687 0.847687 1 1 0
0.0463275 0.847408 0.847408 1 1 0
0.0513196 0.847128 0.847128 1 1 0
0.0563118 0.846848 0.846848 1 1 0
0.0613039 0.846568 0.846568 1 1 0
0.0662961 0.846288 0.846288 1 1 0
0.0712882 0.846008 0.846008 1 1 0
0.0762804 0.845728 0.845728 1 1 0
0.0812725 0.845447 0.845447 1 1 0
0.0862646 0.845167 0.845167 1 1 0
0.0912568 0.844887 0.844887 1 1 0
0.0962489 0.844606 0.844606 1 1 0
0.101241 0.844326 0.844326 1 1 0
0.106233 0.844045 0.844045 1 1 0
0.111225 0.843764 0.843764 1 1 0
0.116217 0.843483 0.843483 1 1 0
0.121209 0.843202 0.843202 1 1 0
0.126202 0.842921 0.842921 1 1 0
0.131194 0.84264 0.84264 1 1 0
0.136186 0.842359 0.842359 1 1 0
0.141178 0.842078 0.842078 1 1 0
0.14617 0.841797 0.841797 1 1 0
0.151162 0.841515 0.841515 1 1 0
0.156154 0.841234 0.841234 1 1 0
0.161146 0.840952 0.840952 1 1 0
0.166138 0.84067 0.84067 1 1 0
0.17113 0.840389 0.840389 1 1 0
0.176122 0.840107 0.840107 1 1 0
0.181114 0.839825 0.839825 1 1 0
0.186106 0.839543 0.839543 1 1 0
0.191098 0.839261 0.839261 1 1 0
0.19609 0.838979 0.838979 1 1 0
0.201082 0.838696 0.838696 1 1 0
0.206074 0.838414 0.838414 1 1 0
0.211066 0.838132 0.838132 1 1 0
0.216058 0.837849 0.837849 1 1 0
0.22105 0.837567 0.837567 1 1 0
0.226042 0.837284 0.837284 1 1 0
0.231034 0.837001 0.837001 1 1 0
0.236026 0.836718 0.836718 1 1 0
0.241018 0.836435 0.836435 1 1 0
0.24601 0.836152 0.836152 1 1 0
0.251002 0.835869 0.835869 1 1 0
0.255994 0.835586 0.835586 1 1 0
0.260986 0.835303 0.835303 1 1 0
0.265978 0.83502 0.83502 1 1 0
0.27097 0.834736 0.834736 1 1 0
0.275962 0.834453 0.834453 1 1 0
0.280954 0.834169 0.834169 1 1 0
0.285946 0.833886 0.833886 1 1 0
0.290938 0.833602 0.833602 1 1 0
0.29593 0.833318 0.833318 1 1 0
0.300922 0.833034 0.833034 1 1 0
0.305914 0.83275 0.83275 1 1 0
0.310906 0.832466 0.832466 1 1 0
0.315898 0.832182 0.832182 1 1 0
0.320889 0.831898 0.831898 1 1 0
0.325881 0.831613 0.831613 1 1 0
0.330873 0.831329 0.831329 1 1 0
0.335865 0.831044 0.831044 1 1 0
0.340857 0.83076 0.83076 1 1 0
0.345849 0.830475 0.830475 1 1 0
0.350841 0.83019 0.83019 1 1 0
0.355833 0.829905 0.829905 1 1 0
0.360825 0.829621 0.829621 1 1 0
0.365816 0.829335 0.829335 1 1 0
0.370808 0.82905 0.82905 1 1 0
0.3758 0.828765 0.828765 1 1 0
0.380792 0.82848 0.82848 1 1 0
0.385784 0.828195 0.828195 1 1 0
0.390776 0.827909 0.827909 1 1 0
0.395768 0.827624 0.827624 1 1 0
0.400759 0.827338 0.827338 1 1 0
0.405751 0.827052 0.827052 1 1 0
0.410743 0.826767 0.826767 1 1 0
0.415735 0.826481 0.826481 1 1 0
0.420727 0.826195 0.826195 1 1 0
0.425718 0.825909 0.825909 1 1 0
0.43071 0.825623 0.825623 1 1 0
0.435702 0.825336 0.825336 1 1 0
0.440694 0.82505 0.82505 1 1 0
0.445686 0.824764 0.824764 1 1 0
0.450677 0.824477 0.824477 1 1 0
0.455669 0.824191 0.824191 1 1 0
0.460661 0.823904 0.823904 1 1 0
0.465653 0.823617 0.823617 1 1 0
0.470644 0.82333 0.82333 1 1 0
0.475636 0.823044 0.823044 1 1 0
0.480628 0.822757 0.822757 1 1 0
0.48562 0.822469 0.822469 1 1 0
0.490611 0.822182 0.822182 1 1 0
0.495603 0.821895 0.821895 1 1 0
0.500595 0.821608 0.821608 1 1 0
0.505587 0.82132 0.82132 1 1 0
0.510578 0.821033 0.821033 1 1 0
0.51557 0.820745 0.820745 1 1 0
0.520562 0.820458 0.820458 1 1 0
0.525554 0.82017 0.82017 1 1 0
0.530545 0.819882 0.819882 1 1 0
0.535537 0.819594 0.819594 1 1 0
0.540529 0.819306 0.819306 1 1 0
0.54552 0.819018 0.819018 1 1 0
0.550512 0.81873 0.81873 1 1 0
0.555504 0.818441 0.818441 1 1 0
0.560495 0.818153 0.818153 1 1 0
0.565487 0.817865 0.817865 1 1 0
0.570479 0.817576 0.817576 1 1 0
0.57547 0.817287 0.817287 1 1 0
0.580462 0.816999 0.816999 1 1 0
0.585454 0.81671 0.81671 1 1 0
0.590445 0.816421 0.816421 1 1 0
0.595437 0.816132 0.816132 1 1 0
0.600428 0.815843 0.815843 1 1 0
0.60542 0.815554 0.815554 1 1 0
0.610412 0.815264 0.815264 1 1 0
0.615403 0.814975 0.814975 1 1 0
0.620395 0.814686 0.814686 1 1 0
0.625387 0.814396 0.814396 1 1 0
0.630378 0.814106 0.814106 1 1 0
0.63537 0.813817 0.813817 1 1 0
0.640361 0.813527 0.813527 1 1 0
0.645353 0.813237 0.813237 1 1 0
0.650345 0.812947 0.812947 1 1 0
0.655336 0.812657 0.812657 1 1 0
0.660328 0.812367 0.812367 1 1 0
0.665319 0.812077 0.812077 1 1 0
0.670311 0.811786 0.811786 1 1 0
0.675302 0.811496 0.811496 1 1 0
0.680294 0.811206 0.811206 1 1 0
0.685285 0.810915 0.810915 1 1 0
0.690277 0.810624 0.810624 1 1 0
0.695269 0.810334 0.810334 1 1 0
0.70026 0.810043 0.810043 1 1 0
0.705252 0.809752 0.809752 1 1 0
0.710243 0.809461 0.809461 1 1 0
0.715235 0.80917 0.80917 1 1 0
0.720226 0.808878 0.808878 1 1 0
0.725218 0.808587 0.808587 1 1 0
0.730209 0.808296 0.808296 1 1 0
0.735201 0.808004 0.808004 1 1 0
0.740192 0.807713 0.807713 1 1 0
0.745184 0.807421 0.807421 1 1 0
0.750175 0.807129 0.807129 1 1 0
0.755166 0.806837 0.806837 1 1 0
0.760158 0.806545 0.806545 1 1 0
0.765149 0.806253 0.806253 1 1 0
0.770141 0.805961 0.805961 1 1 0
0.775132 0.805669 0.805669 1 1 0
0.780124 0.805377 0.805377 1 1 0
0.785115 0.805084 0.805084 1 1 0
0.790107 0.804792 0.804792 1 1 0
0.795098 0.804499 0.804499 1 1 0
0.800089 0.804207 0.804207 1 1 0
0.805081 0.803914 0.803914 1 1 0
0.810072 0.803621 0.803621 1 1 0
0.815064 0.803328 0.803328 1 1 0
0.820055 0.803035 0.803035 1 1 0
0.825047 0.802742 0.802742 1 1 0
0.830038 0.802449 0.802449 1 1 0
0.835029 0.802156 0.802156 1 1 0
0.840021 0.801862 0.801862 1 1 0
0.845012 0.801569 0.801569 1 1 0
0.850003 0.801275 0.801275 1 1 0
0.854995 0.800982 0.800982 1 1 0
0.859986 0.800688 0.800688 1 1 0
0.864977 0.800394 0.800394 1 1 0
0.869969 0.8001 0.8001 1 1 0
0.87496 0.799806 0.799806 1 1 0
0.879951 0.799512 0.799512 1 1 0
0.884943 0.799218 0.799218 1 1 0
0.889934 0.798924 0.798924 1 1 0
0.894925 0.798629 0.798629 1 1 0
0.899917 0.798335 0.798335 1 1 0
0.904908 0.79804 0.79804 1 1 0
0.909899 0.797745 0.797745 1 1 0
0.914891 0.797451 0.797451 1 1 0
0.919882 0.797156 0.797156 1 1 0
0.924873 0.796861 0.796861 1 1 0
0.929865 0.796566 0.796566 1 1 0
0.934856 0.796271 0.796271 1 1 0
0.939847 0.795976 0.795976 1 1 0
0.944838 0.79568 0.79568 1 1 0
0.94983 0.795385 0.795385 1 1 0
0.954821 0.795089 0.795089 1 1 0
0.959812 0.794794 0.794794 1 1 0
0.964803 0.794498 0.794498 1 1 0
0.969795 0.794202 0.794202 1 1 0
0.974786 0.793907 0.793907 1 1 0
0.979777 0.793611 0.793611 1 1 0
0.984768 0.793315 0.793315 1 1 0
0.98976 0.793018 0.793018 1 1 0
0.994751 0.792722 0.792722 1 1 0
0.999742 0.792426 0.792426 1 1 0
1.00473 0.792129 0.792129 1 1 0
1.00972 0.791833 0.791833 1 1 0
1.01472 0.791536 0.791536 1 1 0
1.01971 0.79124 0.79124 1 1 0
1.0247 0.790943 0.790943 1 1 0
1.02969 0.790646 0.790646 1 1 0
1.03468 0.790349 0.790349 1 1 0
1.03967 0.790052 0.790052 1 1 0
1.04466 0.789755 0.789755 1 1 0
1.04965 0.789457 0.789457 1 1 0
1.05464 0.78916 0.78916 1 1 0
1.05964 0.788863 0.788863 1 1 0
1.06463 0.788565 0.788565 1 1 0
1.06962 0.788268 0.788268 1 1 0
1.07461 0.78797 0.78797 1 1 0
1.0796 0.787672 0.787672 1 1 0
1.08459 0.787374 0.787374 1 1 0
1.08958 0.787076 0.787076 1 1 0
1.09457 0.786778 0.786778 1 1 0
1.09956 0.78648 0.78648 1 1 0
1.10456 0.786181 0.786181 1 1 0
1.10955 0.785883 0.785883 1 1 0
1.11454 0.785585 0.785585 1 1 0
1.11953 0.785286 0.785286 1 1 0
1.12452 0.784987 0.784987 1 1 0
1.12951 0.784689 0.784689 1 1 0
1.1345 0.78439 0.78439 1 1 0
1.13949 0.784091 0.784091 1 1 0
1.14448 0.783792 0.783792 1 1 0
1.14948 0.783493 0.783493 1 1 0
1.15447 0.783193 0.783193 1 1 0
1.15946 0.782894 0.782894 1 1 0
1.16445 0.782594 0.782594 1 1 0
1.16944 0.782295 0.782295 1 1 0
1.17443 0.781995 0.781995 1 1 0
1.17942 0.781696 0.781696 1 1 0
1.18441 0.781396 0.781396 1 1 0
1.1894 0.781096 0.781096 1 1 0
1.19439 0.780796 0.780796 1 1 0
1.19939 0.780496 0.780496 1 1 0
1.20438 0.780196 0.780196 1 1 0
1.20937 0.779895 0.779895 1 1 0
1.21436 0.779595 0.779595 1 1 0
1.21935 0.779294 0.779294 1 1 0
1.22434 0.778994 0.778994 1 1 0
1.22933 0.778693 0.778693 1 1 0
1.23432 0.778392 0.778392 1 1 0
1.23931 0.778091 0.778091 1 1 0
1.2443 0.777791 0.777791 1 1 0
1.24929 0.777489 0.777489 1 1 0
1.25429 0.777188 0.777188 1 1 0
1.25928 0.776887 0.776887 1 1 0
1.26427 0.776586 0.776586 1 1 0
1.26926 0.776284 0.776284 1 1 0
1.27425 0.775983 0.775983 1 1 0
1.27924 0.775681 0.775681 1 1 0
1.28423 0.775379 0.775379 1 1 0
1.28922 0.775077 0.775077 1 1 0
1.29421 0.774775 0.774775 1 1 0
1.2992 0.774473 0.774473 1 1 0
1.30419 0.774171 0.774171 1 1 0
1.30919 0.773869 0.773869 1 1 0
1.31418 0.773567 0.773567 1 1 0
1.31917 0.773264 0.773264 1 1 0
1.32416 0.772962 0.772962 1 1 0
1.32915 0.772659 0.772659 1 1 0
1.33414 0.772356 0.772356 1 1 0
1.33913 0.772054 0.772054 1 1 0
1.34412 0.771751 0.771751 1 1 0
1.34911 0.771448 0.771448 1 1 0
1.3541 0.771145 0.771145 1 1 0
1.35909 0.770841 0.770841 1 1 0
1.36408 0.770538 0.770538 1 1 0
1.36908 0.770235 0.770235 1 1 0
1.37407 0.769931 0.769931 1 1 0
1.37906 0.769628 0.769628 1 1 0
1.38405 0.769324 0.769324 1 1 0
1.38904 0.76902 0.76902 1 1 0
1.39403 0.768716 0.768716 1 1 0
1.39902 0.768412 0.768412 1 1 0
1.40401 0.768108 0.768108 1 1 0
1.409 0.767804 0.767804 1 1 0
1.41399 0.7675 0.7675 1 1 0
1.41898 0.767195 0.767195 1 1 0
1.42397 0.766891 0.766891 1 1 0
1.42896 0.766586 0.766586 1 1 0
1.43395 0.766281 0.766281 1 1 0
1.43895 0.765977 0.765977 1 1 0
1.44394 0.765672 0.765672 1 1 0
1.44893 0.765367 0.765367 1 1 0
1.45392 0.765062 0.765062 1 1 0
1.45891 0.764757 0.764757 1 1 0
1.4639 0.764451 0.764451 1 1 0
1.46889 0.764146 0.764146 1 1 0
1.47388 0.76384 0.76384 1 1 0
1.47887 0.763535 0.763535 1 1 0
1.48386 0.763229 0.763229 1 1 0
1.48885 0.762923 0.762923 1 1 0
1.49384 0.762617 0.762617 1 1 0
1.49883 0.762311 0.762311 1 1 0
1.50382 0.762005 0.762005 1 1 0
1.50881 0.761699 0.761699 1 1 0
1.51381 0.761393 0.761393 1 1 0
1.5188 0.761087 0.761087 1 1 0
1.52379 0.76078 0.76078 1 1 0
1.52878 0.760473 0.760473 1 1 0
1.53377 0.760167 0.760167 1 1 0
1.53876 0.75986 0.75986 1 1 0
1.54375 0.759553 0.759553 1 1 0
1.54874 0.759246 0.759246 1 1 0
1.55373 0.758939 0.758939 1 1 0
1.55872 0.758632 0.758632 1 1 0
1.56371 0.758325 0.758325 1 1 0
1.5687 0.758017 0.758017 1 1 0
1.57369 0.75771 0.75771 1 1 0
1.57868 0.757402 0.757402 1 1 0
1.58367 0.757094 0.757094 1 1 0
1.58866 0.756787 0.756787 1 1 0
1.59365 0.756479 0.756479 1 1 0
1.59864 0.756171 0.756171 1 1 0
1.60364 0.755863 0.755863 1 1 0
1.60863 0.755554 0.755554 1 1 0
1.61362 0.755246 0.755246 1 1 0
1.61861 0.754938 0.754938 1 1 0
1.6236 0.754629 0.754629 1 1 0
1.62859 0.754321 0.754321 1 1 0
1.63358 0.754012 0.754012 1 1 0
1.63857 0.753703 0.753703 1 1 0
1.64356 0.753394 0.753394 1 1 0
1.64855 0.753085 0.753085 1 1 0
1.65354 0.752776 0.752776 1 1 0
1.65853 0.752467 0.752467 1 1 0
1.66352 0.752157 0.752157 1 1 0
1.66851 0.751848 0.751848 1 1 0
1.6735 0.751538 0.751538 1 1 0
1.67849 0.751229 0.751229 1 1 0
1.68348 0.750919 0.750919 1 1 0
1.68847 0.750609 0.750609 1 1 0
1.69346 0.750299 0.750299 1 1 0
1.69845 0.749989 0.749989 1 1 0
1.70344 0.749679 0.749679 1 1 0
1.70843 0.749369 0.749369 1 1 0
1.71342 0.749059 0.749059 1 1 0
1.71841 0.748748 0.748748 1 1 0
1.7234 0.748438 0.748438 1 1 0
1.7284 0.748127 0.748127 1 1 0
1.73339 0.747816 0.747816 1 1 0
1.73838 0.747505 0.747505 1 1 0
1.74337 0.747194 0.747194 1 1 0
1.74836 0.746883 0.746883 1 1 0
1.75335 0.746572 0.746572 1 1 0
1.75834 0.746261 0.746261 1 1 0
1.76333 0.745949 0.745949 1 1 0
1.76832 0.745638 0.745638 1 1 0
1.77331 0.745326 0.745326 1 1 0
1.7783 0.745015 0.745015 1 1 0
1.78329 0.744703 0.744703 1 1 0
1.78828 0.744391 0.744391 1 1 0
1.79327 0.744079 0.744079 1 1 0
1.79826 0.743767 0.743767 1 1 0
1.80325 0.743454 0.743454 1 1 0
1.80824 0.743142 0.743142 1 1 0
1.81323 0.74283 0.74283 1 1 0
1.81822 0.742517 0.742517 1 1 0
1.82321 0.742205 0.742205 1 1 0
1.8282 0.741892 0.741892 1 1 0
1.83319 0.741579 0.741579 1 1 0
1.83818 0.741266 0.741266 1 1 0
1.84317 0.740953 0.740953 1 1 0
1.84816 0.74064 0.74064 1 1 0
1.85315 0.740327 0.740327 1 1 0
1.85814 0.740013 0.740013 1 1 0
1.86313 0.7397 0.7397 1 1 0
1.86812 0.739386 0.739386 1 1 0
1.87311 0.739072 0.739072 1 1 0
1.8781 0.738759 0.738759 1 1 0
1.88309 0.738445 0.738445 1 1 0
1.88808 0.738131 0.738131 1 1 0
1.89307 0.737817 0.737817 1 1 0
1.89806 0.737502 0.737502 1 1 0
1.90305 0.737188 0.737188 1 1 0
1.90804 0.736874 0.736874 1 1 0
1.91303 0.736559 0.736559 1 1 0
1.91802 0.736244 0.736244 1 1 0
1.92301 0.73593 0.73593 1 1 0
1.928 0.735615 0.735615 1 1 0
1.93299 0.7353 0.7353 1 1 0
1.93798 0.734985 0.734985 1 1 0
1.94297 0.73467 0.73467 1 1 0
1.94796 0.734354 0.734354 1 1 0
1.95295 0.734039 0.734039 1 1 0
1.95794 0.733724 0.733724 1 1 0
1.96293 0.733408 0.733408 1 1 0
1.96792 0.733092 0.733092 1 1 0
1.97291 0.732776 0.732776 1 1 0
1.9779 0.732461 0.732461 1 1 0
1.98289 0.732144 0.732144 1 1 0
1.98788 0.731828 0.731828 1 1 0
1.99287 0.731512 0.731512 1 1 0
1.99786 0.731196 0.731196 1 1 0
2.00285 0.730879 0.730879 1 1 0
2.00784 0.730563 0.730563 1 1 0
2.01283 0.730246 0.730246 1 1 0
2.01782 0.729929 0.729929 1 1 0
2.02281 0.729612 0.729612 1 1 0
2.0278 0.729295 0.729295 1 1 0
2.03279 0.728978 0.728978 1 1 0
2.03778 0.728661 0.728661 1 1 0
2.04277 0.728344 0.728344 1 1 0
2.04776 0.728026 0.728026 1 1 0
2.05275 0.727709 0.727709 1 1 0
2.05774 0.727391 0.727391 1 1 0
2.06273 0.727073 0.727073 1 1 0
2.06772 0.726756 0.726756 1 1 0
2.07271 0.726438 0.726438 1 1 0
2.0777 0.72612 0.72612 1 1 0
2.08269 0.725801 0.725801 1 1 0
2.08768 0.725483 0.725483 1 1 0
2.09267 0.725165 0.725165 1 1 0
2.09766 0.724846 0.724846 1 1 0
2.10265 0.724528 0.724528 1 1 0
2.10764 0.724209 0.724209 1 1 0
2.11263 0.72389 0.72389 1 1 0
2.11762 0.723571 0.723571 1 1 0
2.12261 0.723252 0.723252 1 1 0
2.1276 0.722933 0.722933 1 1 0
2.13259 0.722614 0.722614 1 1 0
2.13758 0.722294 0.722294 1 1 0
2.14257 0.721975 0.721975 1 1 0
2.14756 0.721655 0.721655 1 1 0
2.15255 0.721336 0.721336 1 1 0
2.15754 0.721016 0.721016 1 1 0
2.16253 0.720696 0.720696 1 1 0
2.16752 0.720376 0.720376 1 1 0
2.17251 0.720056 0.720056 1 1 0
2.1775 0.719735 0.719735 1 1 0
2.18249 0.719415 0.719415 1 1 0
2.18748 0.719095 0.719095 1 1 0
2.19247 0.718774 0.718774 1 1 0
2.19746 0.718453 0.718453 1 1 0
2.20245 0.718132 0.718132 1 1 0
2.20744 0.717812 0.717812 1 1 0
2.21243 0.717491 0.717491 1 1 0
2.21742 0.717169 0.717169 1 1 0
2.2224 0.716848 0.716848 1 1 0
2.22739 0.716527 0.716527 1 1 0
2.23238 0.716205 0.716205 1 1 0
2.23737 0.715884 0.715884 1 1 0
2.24236 0.715562 0.715562 1 1 0
2.24735 0.71524 0.71524 1 1 0
2.25234 0.714918 0.714918 1 1 0
2.25733 0.714596 0.714596 1 1 0
2.26232 0.714274 0.714274 1 1 0
2.26731 0.713952 0.713952 1 1 0
2.2723 0.71363 0.71363 1 1 0
2.27729 0.713307 0.713307 1 1 0
2.28228 0.712985 0.712985 1 1 0
2.28727 0.712662 0.712662 1 1 0
2.29226 0.712339 0.712339 1 1 0
2.29725 0.712016 0.712016 1 1 0
2.30224 0.711693 0.711693 1 1 0
2.30723 0.71137 0.71137 1 1 0
2.31222 0.711047 0.711047 1 1 0
2.31721 0.710724 0.710724 1 1 0
2.3222 0.7104 0.7104 1 1 0
2.32719 0.710076 0.710076 1 1 0
2.33218 0.709753 0.709753 1 1 0
2.33717 0.709429 0.709429 1 1 0
2.34215 0.709105 0.709105 1 1 0
2.34714 0.708781 0.708781 1 1 0
2.35213 0.708457 0.708457 1 1 0
2.35712 0.708133 0.708133 1 1 0
2.36211 0.707808 0.707808 1 1 0
2.3671 0.707484 0.707484 1 1 0
2.37209 0.707159 0.707159 1 1 0
2.37708 0.706835 0.706835 1 1 0
2.38207 0.70651 0.70651 1 1 0
2.38706 0.706185 0.706185 1 1 0
2.39205 0.70586 0.70586 1 1 0
2.39704 0.705535 0.705535 1 1 0
2.40203 0.705209 0.705209 1 1 0
2.40702 0.704884 0.704884 1 1 0
2.41201 0.704559 0.704559 1 1 0
2.417 0.704233 0.704233 1 1 0
2.42199 0.703907 0.703907 1 1 0
2.42697 0.703581 0.703581 1 1 0
2.43196 0.703255 0.703255 1 1 0
2.43695 0.702929 0.702929 1 1 0
2.44194 0.702603 0.702603 1 1 0
2.44693 0.702277 0.702277 1 1 0
2.45192 0.701951 0.701951 1 1 0
2.45691 0.701624 0.701624 1 1 0
2.4619 0.701297 0.701297 1 1 0
2.46689 0.700971 0.700971 1 1 0
2.47188 0.700644 0.700644 1 1 0
2.47687 0.700317 0.700317 1 1 0
2.48186 0.69999 0.69999 1 1 0
2.48685 0.699663 0.699663 1 1 0
2.49184 0.699335 0.699335 1 1 0
2.49682 0.699008 0.699008 1 1 0
2.50181 0.69868 0.69868 1 1 0
2.5068 0.698353 0.698353 1 1 0
2.51179 0.698025 0.698025 1 1 0
2.51678 0.697697 0.697697 1 1 0
2.52177 0.697369 0.697369 1 1 0
2.52676 0.697041 0.697041 1 1 0
2.53175 0.696713 0.696713 1 1 0
2.53674 0.696384 0.696384 1 1 0
2.54173 0.696056 0.696056 1 1 0
2.54672 0.695727 0.695727 1 1 0
2.55171 0.695399 0.695399 1 1 0
2.5567 0.69507 0.69507 1 1 0
2.56168 0.694741 0.694741 1 1 0
2.56667 0.694412 0.694412 1 1 0
2.57166 0.694083 0.694083 1 1 0
2.57665 0.693754 0.693754 1 1 0
2.58164 0.693424 0.693424 1 1 0
2.58663 0.693095 0.693095 1 1 0
2.59162 0.692765 0.692765 1 1 0
2.59661 0.692435 0.692435 1 1 0
2.6016 0.692106 0.692106 1 1 0
2.60659 0.691776 0.691776 1 1 0
2.61158 0.691446 0.691446 1 1 0
2.61656 0.691115 0.691115 1 1 0
2.62155 0.690785 0.690785 1 1 0
2.62654 0.690455 0.690455 1 1 0
2.63153 0.690124 0.690124 1 1 0
2.63652 0.689793 0.689793 1 1 0
2.64151 0.689463 0.689463 1 1 0
2.6465 0.689132 0.689132 1 1 0
2.65149 0.688801 0.688801 1 1 0
2.65648 0.68847 0.68847 1 1 0
2.66147 0.688139 0.688139 1 1 0
2.66646 0.687807 0.687807 1 1 0
2.67144 0.687476 0.687476 1 1 0
2.67643 0.687144 0.687144 1 1 0
2.68142 0.686812 0.686812 1 1 0
2.68641 0.686481 0.686481 1 1 0
2.6914 0.686149 0.686149 1 1 0
2.69639 0.685817 0.685817 1 1 0
2.70138 0.685485 0.685485 1 1 0
2.70637 0.685152 0.685152 1 1 0
2.71136 0.68482 0.68482 1 1 0
2.71634 0.684487 0.684487 1 1 0
2.72133 0.684155 0.684155 1 1 0
2.72632 0.683822 0.683822 1 1 0
2.73131 0.683489 0.683489 1 1 0
2.7363 0.683156 0.683156 1 1 0
2.74129 0.682823 0.682823 1 1 0
2.74628 0.68249 0.68249 1 1 0
2.75127 0.682156 0.682156 1 1 0
2.75626 0.681823 0.681823 1 1 0
2.76124 0.681489 0.681489 1 1 0
2.76623 0.681156 0.681156 1 1 0
2.77122 0.680822 0.680822 1 1 0
2.77621 0.680488 0.680488 1 1 0
2.7812 0.680154 0.680154 1 1 0
2.78619 0.67982 0.67982 1 1 0
2.79118 0.679486 0.679486 1 1 0
2.79617 0.679151 0.679151 1 1 0
2.80115 0.678817 0.678817 1 1 0
2.80614 0.678482 0.678482 1 1 0
2.81113 0.678147 0.678147 1 1 0
2.81612 0.677812 0.677812 1 1 0
2.82111 0.677477 0.677477 1 1 0
2.8261 0.677142 0.677142 1 1 0
2.83109 0.676807 0.676807 1 1 0
2.83608 0.676472 0.676472 1 1 0
2.84106 0.676136 0.676136 1 1 0
2.84605 0.675801 0.675801 1 1 0
2.85104 0.675465 0.675465 1 1 0
2.85603 0.675129 0.675129 1 1 0
2.86102 0.674793 0.674793 1 1 0
2.86601 0.674457 0.674457 1 1 0
2.871 0.674121 0.674121 1 1 0
2.87599 0.673785 0.673785 1 1 0
2.88097 0.673448 0.673448 1 1 0
2.88596 0.673112 0.673112 1 1 0
2.89095 0.672775 0.672775 1 1 0
2.89594 0.672438 0.672438 1 1 0
2.90093 0.672102 0.672102 1 1 0
2.90592 0.671765 0.671765 1 1 0
2.91091 0.671427 0.671427 1 1 0
2.91589 0.67109 0.67109 1 1 0
2.92088 0.670753 0.670753 1 1 0
2.92587 0.670415 0.670415 1 1 0
2.93086 0.670078 0.670078 1 1 0
2.93585 0.66974 0.66974 1 1 0
2.94084 0.669402 0.669402 1 1 0
2.94583 0.669064 0.669064 1 1 0
2.95081 0.668726 0.668726 1 1 0
2.9558 0.668388 0.668388 1 1 0
2.96079 0.66805 0.66805 1 1 0
2.96578 0.667711 0.667711 1 1 0
2.97077 0.667373 0.667373 1 1 0
2.97576 0.667034 0.667034 1 1 0
2.98075 0.666695 0.666695 1 1 0
2.98573 0.666356 0.666356 1 1 0
2.99072 0.666017 0.666017 1 1 0
2.99571 0.665678 0.665678 1 1 0
3.0007 0.665339 0.665339 1 1 0
3.00569 0.664999 0.664999 1 1 0
3.01068 0.66466 0.66466 1 1 0
3.01567 0.66432 0.66432 1 1 0
3.02065 0.66398 0.66398 1 1 0
3.02564 0.66364 0.66364 1 1 0
3.03063 0.6633 0.6633 1 1 0
3.03562 0.66296 0.66296 1 1 0
3.04061 0.66262 0.66262 1 1 0
3.0456 0.66228 0.66228 1 1 0
3.05058 0.661939 0.661939 1 1 0
3.05557 0.661598 0.661598 1 1 0
3.06056 0.661258 0.661258 1 1 0
3.06555 0.660917 0.660917 1 1 0
3.07054 0.660576 0.660576 1 1 0
3.07553 0.660235 0.660235 1 1 0
3.08051 0.659894 0.659894 1 1 0
3.0855 0.659552 0.659552 1 1 0
3.09049 0.659211 0.659211 1 1 0
3.09548 0.658869 0.658869 1 1 0
3.10047 0.658527 0.658527 1 1 0
3.10546 0.658186 0.658186 1 1 0
3.11044 0.657844 0.657844 1 1 0
3.11543 0.657502 0.657502 1 1 0
3.12042 0.657159 0.657159 1 1 0
3.12541 0.656817 0.656817 1 1 0
3.1304 0.656475 0.656475 1 1 0
3.13538 0.656132 0.656132 1 1 0
3.14037 0.655789 0.655789 1 1 0
3.14536 0.655447 0.655447 1 1 0
3.15035 0.655104 0.655104 1 1 0
3.15534 0.654761 0.654761 1 1 0
3.16033 0.654417 0.654417 1 1 0
3.16531 0.654074 0.654074 1 1 0
3.1703 0.653731 0.653731 1 1 0
3.17529 0.653387 0.653387 1 1 0
3.18028 0.653043 0.653043 1 1 0
3.18527 0.6527 0.6527 1 1 0
3.19025 0.652356 0.652356 1 1 0
3.19524 0.652012 0.652012 1 1 0
3.20023 0.651668 0.651668 1 1 0
3.20522 0.651323 0.651323 1 1 0
3.21021 0.650979 0.650979 1 1 0
3.2152 0.650634 0.650634 1 1 0
3.22018 0.65029 0.65029 1 1 0
3.22517 0.649945 0.649945 1 1 0
3.23016 0.6496 0.6496 1 1 0
3.23515 0.649255 0.649255 1 1 0
3.24014 0.64891 0.64891 1 1 0
3.24512 0.648565 0.648565 1 1 0
3.25011 0.648219 0.648219 1 1 0
3.2551 0.647874 0.647874 1 1 0
3.26009 0.647528 0.647528 1 1 0
3.26508 0.647182 0.647182 1 1 0
3.27006 0.646836 0.646836 1 1 0
3.27505 0.64649 0.64649 1 1 0
3.28004 0.646144 0.646144 1 1 0
3.28503 0.645798 0.645798 1 1 0
3.29002 0.645452 0.645452 1 1 0
3.295 0.645105 0.645105 1 1 0
3.29999 0.644759 0.644759 1 1 0
3.30498 0.644412 0.644412 1 1 0
3.30997 0.644065 0.644065 1 1 0
3.31496 0.643718 0.643718 1 1 0
3.31994 0.643371 0.643371 1 1 0
3.32493 0.643024 0.643024 1 1 0
3.32992 0.642676 0.642676 1 1 0
3.33491 0.642329 0.642329 1 1 0
3.3399 0.641981 0.641981 1 1 0
3.34488 0.641633 0.641633 1 1 0
3.34987 0.641286 0.641286 1 1 0
3.35486 0.640938 0.640938 1 1 0
3.35985 0.640589 0.640589 1 1 0
3.36483 0.640241 0.640241 1 1 0
3.36982 0.639893 0.639893 1 1 0
3.37481 0.639544 0.639544 1 1 0
3.3798 0.639196 0.639196 1 1 0
3.38479 0.638847 0.638847 1 1 0
3.38977 0.638498 0.638498 1 1 0
3.39476 0.638149 0.638149 1 1 0
3.39975 0.6378 0.6378 1 1 0
3.40474 0.637451 0.637451 1 1 0
3.40972 0.637102 0.637102 1 1 0
3.41471 0.636752 0.636752 1 1 0
3.4197 0.636402 0.636402 1 1 0
3.42469 0.636053 0.636053 1 1 0
3.42968 0.635703 0.635703 1 1 0
3.43466 0.635353 0.635353 1 1 0
3.43965 0.635003 0.635003 1 1 0
3.44464 0.634653 0.634653 1 1 0
3.44963 0.634302 0.634302 1 1 0
3.45461 0.633952 0.633952 1 1 0
3.4596 0.633601 0.633601 1 1 0
3.46459 0.63325 0.63325 1 1 0
3.46958 0.6329 0.6329 1 1 0
3.47456 0.632549 0.632549 1 1 0
3.47955 0.632198 0.632198 1 1 0
3.48454 0.631846 0.631846 1 1 0
3.48953 0.631495 0.631495 1 1 0
3.49452 0.631144 0.631144 1 1 0
3.4995 0.630792 0.630792 1 1 0
3.50449 0.63044 0.63044 1 1 0
3.50948 0.630088 0.630088 1 1 0
3.51447 0.629736 0.629736 1 1 0
3.51945 0.629384 0.629384 1 1 0
3.52444 0.629032 0.629032 1 1 0
3.52943 0.62868 0.62868 1 1 0
3.53442 0.628327 0.628327 1 1 0
3.5394 0.627975 0.627975 1 1 0
3.54439 0.627622 0.627622 1 1 0
3.54938 0.627269 0.627269 1 1 0
3.55437 0.626916 0.626916 1 1 0
3.55935 0.626563 0.626563 1 1 0
3.56434 0.62621 0.62621 1 1 0
3.56933 0.625856 0.625856 1 1 0
3.57432 0.625503 0.625503 1 1 0
3.5793 0.625149 0.625149 1 1 0
3.58429 0.624796 0.624796 1 1 0
3.58928 0.624442 0.624442 1 1 0
3.59427 0.624088 0.624088 1 1 0
3.59925 0.623734 0.623734 1 1 0
3.60424 0.623379 0.623379 1 1 0
3.60923 0.623025 0.623025 1 1 0
3.61422 0.622671 0.622671 1 1 0
3.6192 0.622316 0.622316 1 1 0
3.62419 0.621961 0.621961 1 1 0
3.62918 0.621606 0.621606 1 1 0
3.63416 0.621251 0.621251 1 1 0
3.63915 0.620896 0.620896 1 1 0
3.64414 0.620541 0.620541 1 1 0
3.64913 0.620186 0.620186 1 1 0
3.65411 0.61983 0.61983 1 1 0
3.6591 0.619475 0.619475 1 1 0
3.66409 0.619119 0.619119 1 1 0
3.66908 0.618763 0.618763 1 1 0
3.67406 0.618407 0.618407 1 1 0
3.67905 0.618051 0.618051 1 1 0
3.68404 0.617695 0.617695 1 1 0
3.68903 0.617338 0.617338 1 1 0
3.69401 0.616982 0.616982 1 1 0
3.699 0.616625 0.616625 1 1 0
3.70399 0.616268 0.616268 1 1 0
3.70897 0.615911 0.615911 1 1 0
3.71396 0.615554 0.615554 1 1 0
3.71895 0.615197 0.615197 1 1 0
3.72394 0.61484 0.61484 1 1 0
3.72892 0.614483 0.614483 1 1 0
3.73391 0.614125 0.614125 1 1 0
3.7389 0.613768 0.613768 1 1 0
3.74388 0.61341 0.61341 1 1 0
3.74887 0.613052 0.613052 1 1 0
3.75386 0.612694 0.612694 1 1 0
3.75885 0.612336 0.612336 1 1 0
3.76383 0.611978 0.611978 1 1 0
3.76882 0.611619 0.611619 1 1 0
3.77381 0.611261 0.611261 1 1 0
3.77879 0.610902 0.610902 1 1 0
3.78378 0.610543 0.610543 1 1 0
3.78877 0.610184 0.610184 1 1 0
3.79376 0.609825 0.609825 1 1 0
3.79874 0.609466 0.609466 1 1 0
3.80373 0.609107 0.609107 1 1 0
3.80872 0.608747 0.608747 1 1 0
3.8137 0.608388 0.608388 1 1 0
3.81869 0.608028 0.608028 1 1 0
3.82368 0.607669 0.607669 1 1 0
3.82866 0.607309 0.607309 1 1 0
3.83365 0.606949 0.606949 1 1 0
3.83864 0.606588 0.606588 1 1 0
3.84363 0.606228 0.606228 1 1 0
3.84861 0.605868 0.605868 1 1 0
3.8536 0.605507 0.605507 1 1 0
3.85859 0.605147 0.605147 1 1 0
3.86357 0.604786 0.604786 1 1 0
3.86856 0.604425 0.604425 1 1 0
3.87355 0.604064 0.604064 1 1 0
3.87853 0.603703 0.603703 1 1 0
3.88352 0.603341 0.603341 1 1 0
3.88851 0.60298 0.60298 1 1 0
3.8935 0.602618 0.602618 1 1 0
3.89848 0.602257 0.602257 1 1 0
3.90347 0.601895 0.601895 1 1 0
3.90846 0.601533 0.601533 1 1 0
3.91344 0.601171 0.601171 1 1 0
3.91843 0.600809 0.600809 1 1 0
3.92342 0.600446 0.600446 1 1 0
3.9284 0.600084 0.600084 1 1 0
3.93339 0.599721 0.599721 1 1 0
3.93838 0.599359 0.599359 1 1 0
3.94336 0.598996 0.598996 1 1 0
3.94835 0.598633 0.598633 1 1 0
3.95334 0.59827 0.59827 1 1 0
3.95832 0.597907 0.597907 1 1 0
3.96331 0.597543 0.597543 1 1 0
3.9683 0.59718 0.59718 1 1 0
3.97328 0.596816 0.596816 1 1 0
3.97827 0.596453 0.596453 1 1 0
3.98326 0.596089 0.596089 1 1 0
3.98824 0.595725 0.595725 1 1 0
3.99323 0.595361 0.595361 1 1 0
3.99822 0.594997 0.594997 1 1 0
4.0032 0.594632 0.594632 1 1 0
4.00819 0.594268 0.594268 1 1 0
4.01318 0.593903 0.593903 1 1 0
4.01816 0.593539 0.593539 1 1 0
4.02315 0.593174 0.593174 1 1 0
4.02814 0.592809 0.592809 1 1 0
4.03312 0.592444 0.592444 1 1 0
4.03811 0.592079 0.592079 1 1 0
4.0431 0.591713 0.591713 1 1 0
4.04808 0.591348 0.591348 1 1 0
4.05307 0.590982 0.590982 1 1 0
4.05806 0.590617 0.590617 1 1 0
4.06304 0.590251 0.590251 1 1 0
4.06803 0.589885 0.589885 1 1 0
4.07302 0.589519 0.589519 1 1 0
4.078 0.589153 0.589153 1 1 0
4.08299 0.588786 0.588786 1 1 0
4.08798 0.58842 0.58842 1 1 0
4.09296 0.588053 0.588053 1 1 0
4.09795 0.587686 0.587686 1 1 0
4.10294 0.58732 0.58732 1 1 0
4.10792 0.586953 0.586953 1 1 0
4.11291 0.586586 0.586586 1 1 0
4.1179 0.586218 0.586218 1 1 0
4.12288 0.585851 0.585851 1 1 0
4.12787 0.585484 0.585484 1 1 0
4.13285 0.585116 0.585116 1 1 0
4.13784 0.584748 0.584748 1 1 0
4.14283 0.58438 0.58438 1 1 0
4.14781 0.584012 0.584012 1 1 0
4.1528 0.583644 0.583644 1 1 0
4.15779 0.583276 0.583276 1 1 0
4.16277 0.582908 0.582908 1 1 0
4.16776 0.582539 0.582539 1 1 0
4.17275 0.582171 0.582171 1 1 0
4.17773 0.581802 0.581802 1 1 0
4.18272 0.581433 0.581433 1 1 0
4.1877 0.581064 0.581064 1 1 0
4.19269 0.580695 0.580695 1 1 0
4.19768 0.580326 0.580326 1 1 0
4.20266 0.579957 0.579957 1 1 0
4.20765 0.579587 0.579587 1 1 0
4.21264 0.579218 0.579218 1 1 0
4.21762 0.578848 0.578848 1 1 0
4.22261 0.578478 0.578478 1 1 0
4.2276 0.578108 0.578108 1 1 0
4.23258 0.577738 0.577738 1 1 0
4.23757 0.577368 0.577368 1 1 0
4.24255 0.576997 0.576997 1 1 0
4.24754 0.576627 0.576627 1 1 0
4.25253 0.576256 0.576256 1 1 0
4.25751 0.575886 0.575886 1 1 0
4.2625 0.575515 0.575515 1 1 0
4.26749 0.575144 0.575144 1 1 0
4.27247 0.574773 0.574773 1 1 0
4.27746 0.574402 0.574402 1 1 0
4.28244 0.57403 0.57403 1 1 0
4.28743 0.573659 0.573659 1 1 0
4.29242 0.573287 0.573287 1 1 0
4.2974 0.572916 0.572916 1 1 0
4.30239 0.572544 0.572544 1 1 0
4.30737 0.572172 0.572172 1 1 0
4.31236 0.5718 0.5718 1 1 0
4.31735 0.571428 0.571428 1 1 0
4.32233 0.571055 0.571055 1 1 0
4.32732 0.570683 0.570683 1 1 0
4.3323 0.57031 0.57031 1 1 0
4.33729 0.569938 0.569938 1 1 0
4.34228 0.569565 0.569565 1 1 0
4.34726 0.569192 0.569192 1 1 0
4.35225 0.568819 0.568819 1 1 0
4.35723 0.568446 0.568446 1 1 0
4.36222 0.568072 0.568072 1 1 0
4.36721 0.567699 0.567699 1 1 0
4.37219 0.567325 0.567325 1 1 0
4.37718 0.566952 0.566952 1 1 0
4.38216 0.566578 0.566578 1 1 0
4.38715 0.566204 0.566204 1 1 0
4.39214 0.56583 0.56583 1 1 0
4.39712 0.565456 0.565456 1 1 0
4.40211 0.565082 0.565082 1 1 0
4.40709 0.564707 0.564707 1 1 0
4.41208 0.564333 0.564333 1 1 0
4.41707 0.563958 0.563958 1 1 0
4.42205 0.563583 0.563583 1 1 0
4.42704 0.563208 0.563208 1 1 0
4.43202 0.562833 0.562833 1 1 0
4.43701 0.562458 0.562458 1 1 0
4.442 0.562083 0.562083 1 1 0
4.44698 0.561708 0.561708 1 1 0
4.45197 0.561332 0.561332 1 1 0
4.45695 0.560957 0.560957 1 1 0
4.46194 0.560581 0.560581 1 1 0
4.46693 0.560205 0.560205 1 1 0
4.47191 0.559829 0.559829 1 1 0
4.4769 0.559453 0.559453 1 1 0
4.48188 0.559077 0.559077 1 1 0
4.48687 0.5587 0.5587 1 1 0
4.49185 0.558324 0.558324 1 1 0
4.49684 0.557947 0.557947 1 1 0
4.50183 0.557571 0.557571 1 1 0
4.50681 0.557194 0.557194 1 1 0
4.5118 0.556817 0.556817 1 1 0
4.51678 0.55644 0.55644 1 1 0
4.52177 0.556063 0.556063 1 1 0
4.52675 0.555686 0.555686 1 1 0
4.53174 0.555308 0.555308 1 1 0
4.53673 0.554931 0.554931 1 1 0
4.54171 0.554553 0.554553 1 1 0
4.5467 0.554175 0.554175 1 1 0
4.55168 0.553797 0.553797 1 1 0
4.55667 0.553419 0.553419 1 1 0
4.56165 0.553041 0.553041 1 1 0
4.56664 0.552663 0.552663 1 1 0
4.57163 0.552285 0.552285 1 1 0
4.57661 0.551906 0.551906 1 1 0
4.5816 0.551527 0.551527 1 1 0
4.58658 0.551149 0.551149 1 1 0
4.59157 0.55077 0.55077 1 1 0
4.59655 0.550391 0.550391 1 1 0
4.60154 0.550012 0.550012 1 1 0
4.60652 0.549633 0.549633 1 1 0
4.61151 0.549253 0.549253 1 1 0
4.6165 0.548874 0.548874 1 1 0
4.62148 0.548494 0.548494 1 1 0
4.62647 0.548115 0.548115 1 1 0
4.63145 0.547735 0.547735 1 1 0
4.63644 0.547355 0.547355 1 1 0
4.64142 0.546975 0.546975 1 1 0
4.64641 0.546595 0.546595 1 1 0
4.65139 0.546215 0.546215 1 1 0
4.65638 0.545834 0.545834 1 1 0
4.66136 0.545454 0.545454 1 1 0
4.66635 0.545073 0.545073 1 1 0
4.67134 0.544693 0.544693 1 1 0
4.67632 0.544312 0.544312 1 1 0
4.68131 0.543931 0.543931 1 1 0
4.68629 0.54355 0.54355 1 1 0
4.69128 0.543169 0.543169 1 1 0
4.69626 0.542787 0.542787 1 1 0
4.70125 0.542406 0.542406 1 1 0
4.70623 0.542024 0.542024 1 1 0
4.71122 0.541643 0.541643 1 1 0
4.7162 0.541261 0.541261 1 1 0
4.72119 0.540879 0.540879 1 1 0
4.72618 0.540497 0.540497 1 1 0
4.73116 0.540115 0.540115 1 1 0
4.73615 0.539733 0.539733 1 1 0
4.74113 0.539351 0.539351 1 1 0
4.74612 0.538968 0.538968 1 1 0
4.7511 0.538586 0.538586 1 1 0
4.75609 0.538203 0.538203 1 1 0
4.76107 0.53782 0.53782 1 1 0
4.76606 0.537437 0.537437 1 1 0
4.77104 0.537054 0.537054 1 1 0
4.77603 0.536671 0.536671 1 1 0
4.78101 0.536288 0.536288 1 1 0
4.786 0.535905 0.535905 1 1 0
4.79098 0.535521 0.535521 1 1 0
4.79597 0.535138 0.535138 1 1 0
4.80095 0.534754 0.534754 1 1 0
4.80594 0.53437 0.53437 1 1 0
4.81092 0.533987 0.533987 1 1 0
4.81591 0.533603 0.533603 1 1 0
4.8209 0.533218 0.533218 1 1 0
4.82588 0.532834 0.532834 1 1 0
4.83087 0.53245 0.53245 1 1 0
4.83585 0.532065 0.532065 1 1 0
4.84084 0.531681 0.531681 1 1 0
4.84582 0.531296 0.531296 1 1 0
4.85081 0.530912 0.530912 1 1 0
4.85579 0.530527 0.530527 1 1 0
4.86078 0.530142 0.530142 1 1 0
4.86576 0.529757 0.529757 1 1 0
4.87075 0.529371 0.529371 1 1 0
4.87573 0.528986 0.528986 1 1 0
4.88072 0.528601 0.528601 1 1 0
4.8857 0.528215 0.528215 1 1 0
4.89069 0.527829 0.527829 1 1 0
4.89567 0.527444 0.527444 1 1 0
4.90066 0.527058 0.527058 1 1 0
4.90564 0.526672 0.526672 1 1 0
4.91063 0.526286 0.526286 1 1 0
4.91561 0.5259 0.5259 1 1 0
4.9206 0.525513 0.525513 1 1 0
4.92558 0.525127 0.525127 1 1 0
4.93057 0.524741 0.524741 1 1 0
4.93555 0.524354 0.524354 1 1 0
4.94054 0.523967 0.523967 1 1 0
4.94552 0.52358 0.52358 1 1 0
4.95051 0.523194 0.523194 1 1 0
4.95549 0.522807 0.522807 1 1 0
4.96048 0.522419 0.522419 1 1 0
4.96546 0.522032 0.522032 1 1 0
4.97045 0.521645 0.521645 1 1 0
4.97543 0.521257 0.521257 1 1 0
4.98042 0.52087 0.52087 1 1 0
4.9854 0.520482 0.520482 1 1 0
4.99039 0.520095 0.520095 1 1 0
4.99537 0.519707 0.519707 1 1 0
5.00036 0.519319 0.519319 1 1 0
