0 1 1 2 1 0
0.000199216 0.999982 0.999982 1 1 0
0.000398432 0.999965 0.999965 1 1 0
0.000796865 0.999929 0.999929 1 1 0
0.00159373 0.999859 0.999859 1 1 0
0.00318745 0.999717 0.999717 1 1 0
0.0063749 0.999434 0.999434 1 1 0
0.0113552 0.998991 0.998991 1 1 0
0.0163356 0.998548 0.998548 1 1 0
0.0213158 0.998105 0.998105 1 1 0
0.0262961 0.997661 0.997661 1 1 0
0.0312763 0.997217 0.997217 1 1 0
0.0362565 0.996772 0.996772 1 1 0
0.0412366 0.996327 0.996327 1 1 0
0.0462168 0.995882 0.995882 1 1 0
0.0511968 0.995436 0.995436 1 1 0
0.0561769 0.99499 0.99499 1 1 0
0.0611569 0.994543 0.994543 1 1 0
0.0661369 0.994097 0.994097 1 1 0
0.0711168 0.993649 0.993649 1 1 0
0.0760967 0.993202 0.993202 1 1 0
0.0810766 0.992754 0.992754 1 1 0
0.0860565 0.992305 0.992305 1 1 0
0.0910363 0.991857 0.991857 1 1 0
0.096016 0.991407 0.991407 1 1 0
0.100996 0.990958 0.990958 1 1 0
0.105975 0.990508 0.990508 1 1 0
0.110955 0.990058 0.990058 1 1 0
0.115935 0.989607 0.989607 1 1 0
0.120914 0.989156 0.989156 1 1 0
0.125894 0.988704 0.988704 1 1 0
0.130873 0.988252 0.988252 1 1 0
0.135853 0.9878 0.9878 1 1 0
0.140832 0.987347 0.987347 1 1 0
0.145812 0.986894 0.986894 1 1 0
0.150791 0.986441 0.986441 1 1 0
0.155771 0.985987 0.985987 1 1 0
0.16075 0.985533 0.985533 1 1 0
0.165729 0.985078 0.985078 1 1 0
0.170708 0.984623 0.984623 1 1 0
0.175688 0.984167 0.984167 1 1 0
0.180667 0.983711 0.983711 1 1 0
0.185646 0.983255 0.983255 1 1 0
0.190625 0.982798 0.982798 1 1 0
0.195604 0.982341 0.982341 1 1 0
0.200583 0.981884 0.981884 1 1 0
0.205562 0.981426 0.981426 1 1 0
0.210541 0.980967 0.980967 1 1 0
0.21552 0.980509 0.980509 1 1 0
0.220499 0.980049 0.980049 1 1 0
0.225477 0.97959 0.97959 1 1 0
0.230456 0.97913 0.97913 1 1 0
0.235435 0.978669 0.978669 1 1 0
0.240414 0.978208 0.978208 1 1 0
0.245392 0.977747 0.977747 1 1 0
0.250371 0.977285 0.977285 1 1 0
0.255349 0.976823 0.976823 1 1 0
0.260328 0.976361 0.976361 1 1 0
0.265307 0.975898 0.975898 1 1 0
0.270285 0.975434 0.975434 1 1 0
0.275263 0.974971 0.974971 1 1 0
0.280242 0.974506 0.974506 1 1 0
0.28522 0.974042 0.974042 1 1 0
0.290198 0.973577 0.973577 1 1 0
0.295177 0.973111 0.973111 1 1 0
0.300155 0.972645 0.972645 1 1 0
0.305133 0.972179 0.972179 1 1 0
0.310111 0.971712 0.971712 1 1 0
0.315089 0.971245 0.971245 1 1 0
0.320067 0.970777 0.970777 1 1 0
0.325045 0.970309 0.970309 1 1 0
0.330023 0.96984 0.96984 1 1 0
0.335001 0.969371 0.969371 1 1 0
0.339979 0.968902 0.968902 1 1 0
0.344957 0.968432 0.968432 1 1 0
0.349935 0.967961 0.967961 1 1 0
0.354913 0.96749 0.96749 1 1 0
0.35989 0.967019 0.967019 1 1 0
0.364868 0.966547 0.966547 1 1 0
0.369846 0.966075 0.966075 1 1 0
0.374823 0.965603 0.965603 1 1 0
0.379801 0.96513 0.96513 1 1 0
0.384778 0.964656 0.964656 1 1 0
0.389756 0.964182 0.964182 1 1 0
0.394733 0.963708 0.963708 1 1 0
0.399711 0.963233 0.963233 1 1 0
0.404688 0.962757 0.962757 1 1 0
0.409665 0.962282 0.962282 1 1 0
0.414643 0.961805 0.961805 1 1 0
0.41962 0.961329 0.961329 1 1 0
0.424597 0.960851 0.960851 1 1 0
0.429574 0.960374 0.960374 1 1 0
0.434551 0.959896 0.959896 1 1 0
0.439528 0.959417 0.959417 1 1 0
0.444505 0.958938 0.958938 1 1 0
0.449482 0.958458 0.958458 1 1 0
0.454459 0.957978 0.957978 1 1 0
0.459436 0.957498 0.957498 1 1 0
0.464413 0.957017 0.957017 1 1 0
0.469389 0.956536 0.956536 1 1 0
0.474366 0.956054 0.956054 1 1 0
0.479343 0.955571 0.955571 1 1 0
0.484319 0.955088 0.955088 1 1 0
0.489296 0.954605 0.954605 1 1 0
0.494272 0.954121 0.954121 1 1 0
0.499249 0.953637 0.953637 1 1 0
0.504225 0.953152 0.953152 1 1 0
0.509202 0.952667 0.952667 1 1 0
0.514178 0.952181 0.952181 1 1 0
0.519154 0.951695 0.951695 1 1 0
0.52413 0.951208 0.951208 1 1 0
0.529107 0.95072 0.95072 1 1 0
0.534083 0.950233 0.950233 1 1 0
0.539059 0.949744 0.949744 1 1 0
0.544035 0.949256 0.949256 1 1 0
0.549011 0.948766 0.948766 1 1 0
0.553987 0.948277 0.948277 1 1 0
0.558963 0.947786 0.947786 1 1 0
0.563939 0.947296 0.947296 1 1 0
0.568914 0.946804 0.946804 1 1 0
0.57389 0.946312 0.946312 1 1 0
0.578866 0.94582 0.94582 1 1 0
0.583841 0.945327 0.945327 1 1 0
0.588817 0.944834 0.944834 1 1 0
0.593792 0.94434 0.94434 1 1 0
0.598768 0.943846 0.943846 1 1 0
0.603743 0.943351 0.943351 1 1 0
0.608719 0.942856 0.942856 1 1 0
0.613694 0.94236 0.94236 1 1 0
0.618669 0.941863 0.941863 1 1 0
0.623645 0.941366 0.941366 1 1 0
0.62862 0.940869 0.940869 1 1 0
0.633595 0.940371 0.940371 1 1 0
0.63857 0.939872 0.939872 1 1 0
0.643545 0.939373 0.939373 1 1 0
0.64852 0.938873 0.938873 1 1 0
0.653495 0.938373 0.938373 1 1 0
0.65847 0.937873 0.937873 1 1 0
0.663444 0.937371 0.937371 1 1 0
0.668419 0.93687 0.93687 1 1 0
0.673394 0.936367 0.936367 1 1 0
0.678369 0.935864 0.935864 1 1 0
0.683343 0.935361 0.935361 1 1 0
0.688318 0.934857 0.934857 1 1 0
0.693292 0.934353 0.934353 1 1 0
0.698266 0.933848 0.933848 1 1 0
0.703241 0.933342 0.933342 1 1 0
0.708215 0.932836 0.932836 1 1 0
0.713189 0.932329 0.932329 1 1 0
0.718164 0.931822 0.931822 1 1 0
0.723138 0.931314 0.931314 1 1 0
0.728112 0.930806 0.930806 1 1 0
0.733086 0.930297 0.930297 1 1 0
0.73806 0.929787 0.929787 1 1 0
0.743034 0.929277 0.929277 1 1 0
0.748007 0.928767 0.928767 1 1 0
0.752981 0.928255 0.928255 1 1 0
0.757955 0.927744 0.927744 1 1 0
0.762929 0.927231 0.927231 1 1 0
0.767902 0.926718 0.926718 1 1 0
0.772876 0.926205 0.926205 1 1 0
0.777849 0.925691 0.925691 1 1 0
0.782823 0.925176 0.925176 1 1 0
0.787796 0.924661 0.924661 1 1 0
0.792769 0.924145 0.924145 1 1 0
0.797742 0.923628 0.923628 1 1 0
0.802716 0.923111 0.923111 1 1 0
0.807689 0.922594 0.922594 1 1 0
0.812662 0.922076 0.922076 1 1 0
0.817635 0.921557 0.921557 1 1 0
0.822608 0.921037 0.921037 1 1 0
0.827581 0.920517 0.920517 1 1 0
0.832553 0.919997 0.919997 1 1 0
0.837526 0.919476 0.919476 1 1 0
0.842499 0.918954 0.918954 1 1 0
0.847471 0.918431 0.918431 1 1 0
0.852444 0.917908 0.917908 1 1 0
0.857416 0.917385 0.917385 1 1 0
0.862389 0.91686 0.91686 1 1 0
0.867361 0.916335 0.916335 1 1 0
0.872333 0.91581 0.91581 1 1 0
0.877306 0.915284 0.915284 1 1 0
0.882278 0.914757 0.914757 1 1 0
0.88725 0.91423 0.91423 1 1 0
0.892222 0.913702 0.913702 1 1 0
0.897194 0.913173 0.913173 1 1 0
0.902166 0.912644 0.912644 1 1 0
0.907138 0.912114 0.912114 1 1 0
0.912109 0.911583 0.911583 1 1 0
0.917081 0.911052 0.911052 1 1 0
0.922053 0.91052 0.91052 1 1 0
0.927024 0.909988 0.909988 1 1 0
0.931996 0.909455 0.909455 1 1 0
0.936967 0.908921 0.908921 1 1 0
0.941938 0.908386 0.908386 1 1 0
0.94691 0.907851 0.907851 1 1 0
0.951881 0.907316 0.907316 1 1 0
0.956852 0.906779 0.906779 1 1 0
0.961823 0.906242 0.906242 1 1 0
0.966794 0.905705 0.905705 1 1 0
0.971765 0.905166 0.905166 1 1 0
0.976736 0.904627 0.904627 1 1 0
0.981706 0.904087 0.904087 1 1 0
0.986677 0.903547 0.903547 1 1 0
0.991648 0.903006 0.903006 1 1 0
0.996618 0.902464 0.902464 1 1 0
1.00159 0.901922 0.901922 1 1 0
1.00656 0.901379 0.901379 1 1 0
1.01153 0.900835 0.900835 1 1 0
1.0165 0.90029 0.90029 1 1 0
1.02147 0.899745 0.899745 1 1 0
1.02644 0.899199 0.899199 1 1 0
1.03141 0.898653 0.898653 1 1 0
1.03638 0.898106 0.898106 1 1 0
1.04135 0.897558 0.897558 1 1 0
1.04632 0.897009 0.897009 1 1 0
1.05129 0.89646 0.89646 1 1 0
1.05626 0.895909 0.895909 1 1 0
1.06123 0.895359 0.895359 1 1 0
1.0662 0.894807 0.894807 1 1 0
1.07117 0.894255 0.894255 1 1 0
1.07614 0.893702 0.893702 1 1 0
1.08111 0.893148 0.893148 1 1 0
1.08607 0.892594 0.892594 1 1 0
1.09104 0.892039 0.892039 1 1 0
1.09601 0.891483 0.891483 1 1 0
1.10098 0.890926 0.890926 1 1 0
1.10595 0.890369 0.890369 1 1 0
1.11092 0.889811 0.889811 1 1 0
1.11589 0.889252 0.889252 1 1 0
1.12086 0.888692 0.888692 1 1 0
1.12582 0.888132 0.888132 1 1 0
1.13079 0.887571 0.887571 1 1 0
1.13576 0.887009 0.887009 1 1 0
1.14073 0.886447 0.886447 1 1 0
1.1457 0.885883 0.885883 1 1 0
1.15067 0.885319 0.885319 1 1 0
1.15563 0.884754 0.884754 1 1 0
1.1606 0.884188 0.884188 1 1 0
1.16557 0.883622 0.883622 1 1 0
1.17054 0.883055 0.883055 1 1 0
1.1755 0.882487 0.882487 1 1 0
1.18047 0.881918 0.881918 1 1 0
1.18544 0.881348 0.881348 1 1 0
1.19041 0.880778 0.880778 1 1 0
1.19537 0.880207 0.880207 1 1 0
1.20034 0.879635 0.879635 1 1 0
1.20531 0.879062 0.879062 1 1 0
1.21028 0.878489 0.878489 1 1 0
1.21524 0.877914 0.877914 1 1 0
1.22021 0.877339 0.877339 1 1 0
1.22518 0.876763 0.876763 1 1 0
1.23014 0.876186 0.876186 1 1 0
1.23511 0.875609 0.875609 1 1 0
1.24008 0.87503 0.87503 1 1 0
1.24504 0.874451 0.874451 1 1 0
1.25001 0.873871 0.873871 1 1 0
1.25497 0.87329 0.87329 1 1 0
1.25994 0.872708 0.872708 1 1 0
1.26491 0.872125 0.872125 1 1 0
1.26987 0.871542 0.871542 1 1 0
1.27484 0.870958 0.870958 1 1 0
1.2798 0.870372 0.870372 1 1 0
1.28477 0.869786 0.869786 1 1 0
1.28973 0.869199 0.869199 1 1 0
1.2947 0.868612 0.868612 1 1 0
1.29966 0.868023 0.868023 1 1 0
1.30463 0.867433 0.867433 1 1 0
1.30959 0.866843 0.866843 1 1 0
1.31456 0.866252 0.866252 1 1 0
1.31952 0.86566 0.86566 1 1 0
1.32449 0.865067 0.865067 1 1 0
1.32945 0.864473 0.864473 1 1 0
1.33442 0.863878 0.863878 1 1 0
1.33938 0.863282 0.863282 1 1 0
1.34435 0.862685 0.862685 1 1 0
1.34931 0.862088 0.862088 1 1 0
1.35427 0.861489 0.861489 1 1 0
1.35924 0.86089 0.86089 1 1 0
1.3642 0.86029 0.86029 1 1 0
1.36917 0.859688 0.859688 1 1 0
1.37413 0.859086 0.859086 1 1 0
1.37909 0.858483 0.858483 1 1 0
1.38406 0.857879 0.857879 1 1 0
1.38902 0.857274 0.857274 1 1 0
1.39398 0.856668 0.856668 1 1 0
1.39895 0.856061 0.856061 1 1 0
1.40391 0.855454 0.855454 1 1 0
1.40887 0.854845 0.854845 1 1 0
1.41383 0.854235 0.854235 1 1 0
1.4188 0.853624 0.853624 1 1 0
1.42376 0.853013 0.853013 1 1 0
1.42872 0.8524 0.8524 1 1 0
1.43368 0.851786 0.851786 1 1 0
1.43865 0.851172 0.851172 1 1 0
1.44361 0.850556 0.850556 1 1 0
1.44857 0.849939 0.849939 1 1 0
1.45353 0.849322 0.849322 1 1 0
1.45849 0.848703 0.848703 1 1 0
1.46345 0.848083 0.848083 1 1 0
1.46841 0.847463 0.847463 1 1 0
1.47338 0.846841 0.846841 1 1 0
1.47834 0.846218 0.846218 1 1 0
1.4833 0.845594 0.845594 1 1 0
1.48826 0.84497 0.84497 1 1 0
1.49322 0.844344 0.844344 1 1 0
1.49818 0.843717 0.843717 1 1 0
1.50314 0.843089 0.843089 1 1 0
1.5081 0.84246 0.84246 1 1 0
1.51306 0.84183 0.84183 1 1 0
1.51802 0.841199 0.841199 1 1 0
1.52298 0.840566 0.840566 1 1 0
1.52794 0.839933 0.839933 1 1 0
1.5329 0.839299 0.839299 1 1 0
1.53786 0.838663 0.838663 1 1 0
1.54282 0.838027 0.838027 1 1 0
1.54778 0.837389 0.837389 1 1 0
1.55274 0.83675 0.83675 1 1 0
1.55769 0.83611 0.83611 1 1 0
1.56265 0.835469 0.835469 1 1 0
1.56761 0.834827 0.834827 1 1 0
1.57257 0.834184 0.834184 1 1 0
1.57753 0.833539 0.833539 1 1 0
1.58249 0.832894 0.832894 1 1 0
1.58744 0.832247 0.832247 1 1 0
1.5924 0.831599 0.831599 1 1 0
1.59736 0.83095 0.83095 1 1 0
1.60232 0.8303 0.8303 1 1 0
1.60727 0.829649 0.829649 1 1 0
1.61223 0.828996 0.828996 1 1 0
1.61719 0.828342 0.828342 1 1 0
1.62215 0.827687 0.827687 1 1 0
1.6271 0.827031 0.827031 1 1 0
1.63206 0.826374 0.826374 1 1 0
1.63702 0.825715 0.825715 1 1 0
1.64197 0.825056 0.825056 1 1 0
1.64693 0.824395 0.824395 1 1 0
1.65188 0.823732 0.823732 1 1 0
1.65684 0.823069 0.823069 1 1 0
1.6618 0.822404 0.822404 1 1 0
1.66675 0.821738 0.821738 1 1 0
1.67171 0.821071 0.821071 1 1 0
1.67666 0.820402 0.820402 1 1 0
1.68162 0.819732 0.819732 1 1 0
1.68657 0.819061 0.819061 1 1 0
1.69152 0.818389 0.818389 1 1 0
1.69648 0.817715 0.817715 1 1 0
1.70143 0.81704 0.81704 1 1 0
1.70639 0.816364 0.816364 1 1 0
1.71134 0.815686 0.815686 1 1 0
1.71629 0.815007 0.815007 1 1 0
1.72125 0.814327 0.814327 1 1 0
1.7262 0.813645 0.813645 1 1 0
1.73115 0.812963 0.812963 1 1 0
1.73611 0.812278 0.812278 1 1 0
1.74106 0.811592 0.811592 1 1 0
1.74601 0.810905 0.810905 1 1 0
1.75096 0.810217 0.810217 1 1 0
1.75592 0.809527 0.809527 1 1 0
1.76087 0.808836 0.808836 1 1 0
1.76582 0.808143 0.808143 1 1 0
1.77077 0.807449 0.807449 1 1 0
1.77572 0.806753 0.806753 1 1 0
1.78067 0.806056 0.806056 1 1 0
1.78563 0.805358 0.805358 1 1 0
1.79058 0.804658 0.804658 1 1 0
1.79553 0.803957 0.803957 1 1 0
1.80048 0.803254 0.803254 1 1 0
1.80543 0.80255 0.80255 1 1 0
1.81038 0.801844 0.801844 1 1 0
1.81533 0.801137 0.801137 1 1 0
1.82028 0.800428 0.800428 1 1 0
1.82523 0.799717 0.799717 1 1 0
1.83017 0.799006 0.799006 1 1 0
1.83512 0.798292 0.798292 1 1 0
1.84007 0.797577 0.797577 1 1 0
1.84502 0.796861 0.796861 1 1 0
1.84997 0.796143 0.796143 1 1 0
1.85492 0.795423 0.795423 1 1 0
1.85986 0.794702 0.794702 1 1 0
1.86481 0.793979 0.793979 1 1 0
1.86976 0.793254 0.793254 1 1 0
1.8747 0.792528 0.792528 1 1 0
1.87965 0.791801 0.791801 1 1 0
1.8846 0.791071 0.791071 1 1 0
1.88954 0.79034 0.79034 1 1 0
1.89449 0.789608 0.789608 1 1 0
1.89944 0.788873 0.788873 1 1 0
1.90438 0.788137 0.788137 1 1 0
1.90933 0.787399 0.787399 1 1 0
1.91427 0.78666 0.78666 1 1 0
1.91922 0.785919 0.785919 1 1 0
1.92416 0.785176 0.785176 1 1 0
1.9291 0.784431 0.784431 1 1 0
1.93405 0.783685 0.783685 1 1 0
1.93899 0.782936 0.782936 1 1 0
1.94394 0.782186 0.782186 1 1 0
1.94888 0.781435 0.781435 1 1 0
1.95382 0.780681 0.780681 1 1 0
1.95876 0.779926 0.779926 1 1 0
1.96371 0.779168 0.779168 1 1 0
1.96865 0.778409 0.778409 1 1 0
1.97359 0.777648 0.777648 1 1 0
1.97853 0.776885 0.776885 1 1 0
1.98347 0.776121 0.776121 1 1 0
1.98841 0.775354 0.775354 1 1 0
1.99335 0.774585 0.774585 1 1 0
1.99829 0.773815 0.773815 1 1 0
2.00323 0.773042 0.773042 1 1 0
2.00817 0.772268 0.772268 1 1 0
2.01311 0.771491 0.771491 1 1 0
2.01805 0.770713 0.770713 1 1 0
2.02299 0.769932 0.769932 1 1 0
2.02793 0.76915 0.76915 1 1 0
2.03287 0.768365 0.768365 1 1 0
2.0378 0.767579 0.767579 1 1 0
2.04274 0.76679 0.76679 1 1 0
2.04768 0.765999 0.765999 1 1 0
2.05261 0.765207 0.765207 1 1 0
2.05755 0.764412 0.764412 1 1 0
2.06249 0.763615 0.763615 1 1 0
2.06742 0.762815 0.762815 1 1 0
2.07236 0.762014 0.762014 1 1 0
2.07729 0.76121 0.76121 1 1 0
2.08223 0.760404 0.760404 1 1 0
2.08716 0.759596 0.759596 1 1 0
2.09209 0.758786 0.758786 1 1 0
2.09703 0.757973 0.757973 1 1 0
2.10196 0.757158 0.757158 1 1 0
2.10689 0.756341 0.756341 1 1 0
2.11183 0.755522 0.755522 1 1 0
2.11676 0.7547 0.7547 1 1 0
2.12169 0.753876 0.753876 1 1 0
2.12662 0.753049 0.753049 1 1 0
2.13155 0.75222 0.75222 1 1 0
2.13648 0.751389 0.751389 1 1 0
2.14141 0.750555 0.750555 1 1 0
2.14634 0.749718 0.749718 1 1 0
2.15127 0.74888 0.74888 1 1 0
2.1562 0.748038 0.748038 1 1 0
2.16113 0.747194 0.747194 1 1 0
2.16605 0.746348 0.746348 1 1 0
2.17098 0.745499 0.745499 1 1 0
2.17591 0.744647 0.744647 1 1 0
2.18083 0.743793 0.743793 1 1 0
2.18576 0.742936 0.742936 1 1 0
2.19069 0.742076 0.742076 1 1 0
2.19561 0.741214 0.741214 1 1 0
2.20053 0.740349 0.740349 1 1 0
2.20546 0.739481 0.739481 1 1 0
2.21038 0.738611 0.738611 1 1 0
2.21531 0.737737 0.737737 1 1 0
2.22023 0.736861 0.736861 1 1 0
2.22515 0.735982 0.735982 1 1 0
2.23007 0.7351 0.7351 1 1 0
2.23499 0.734215 0.734215 1 1 0
2.23991 0.733327 0.733327 1 1 0
2.24483 0.732437 0.732437 1 1 0
2.24975 0.731543 0.731543 1 1 0
2.25467 0.730646 0.730646 1 1 0
2.25959 0.729746 0.729746 1 1 0
2.26451 0.728843 0.728843 1 1 0
2.26942 0.727937 0.727937 1 1 0
2.27434 0.727028 0.727028 1 1 0
2.27926 0.726115 0.726115 1 1 0
2.28417 0.725199 0.725199 1 1 0
2.28909 0.724281 0.724281 1 1 0
2.294 0.723358 0.723358 1 1 0
2.29891 0.722433 0.722433 1 1 0
2.30383 0.721504 0.721504 1 1 0
2.30874 0.720571 0.720571 1 1 0
2.31365 0.719635 0.719635 1 1 0
2.31856 0.718696 0.718696 1 1 0
2.32347 0.717753 0.717753 1 1 0
2.32838 0.716807 0.716807 1 1 0
2.33329 0.715857 0.715857 1 1 0
2.3382 0.714903 0.714903 1 1 0
2.3431 0.713946 0.713946 1 1 0
2.34801 0.712985 0.712985 1 1 0
2.35292 0.71202 0.71202 1 1 0
2.35782 0.711052 0.711052 1 1 0
2.36272 0.710079 0.710079 1 1 0
2.36763 0.709103 0.709103 1 1 0
2.37253 0.708123 0.708123 1 1 0
2.37743 0.707138 0.707138 1 1 0
2.38233 0.70615 0.70615 1 1 0
2.38723 0.705158 0.705158 1 1 0
2.39213 0.704161 0.704161 1 1 0
2.39703 0.70316 0.70316 1 1 0
2.40193 0.702155 0.702155 1 1 0
2.40683 0.701146 0.701146 1 1 0
2.41172 0.700132 0.700132 1 1 0
2.41662 0.699114 0.699114 1 1 0
2.42151 0.698092 0.698092 1 1 0
2.42641 0.697064 0.697064 1 1 0
2.4313 0.696033 0.696033 1 1 0
2.43619 0.694996 0.694996 1 1 0
2.44108 0.693955 0.693955 1 1 0
2.44597 0.69291 0.69291 1 1 0
2.45086 0.691859 0.691859 1 1 0
2.45574 0.690803 0.690803 1 1 0
2.46063 0.689743 0.689743 1 1 0
2.46551 0.688677 0.688677 1 1 0
2.4704 0.687607 0.687607 1 1 0
2.47528 0.686531 0.686531 1 1 0
2.48016 0.68545 0.68545 1 1 0
2.48504 0.684363 0.684363 1 1 0
2.48992 0.683271 0.683271 1 1 0
2.4948 0.682174 0.682174 1 1 0
2.49967 0.681071 0.681071 1 1 0
2.50455 0.679962 0.679962 1 1 0
2.50942 0.678848 0.678848 1 1 0
2.5143 0.677727 0.677727 1 1 0
2.51917 0.676601 0.676601 1 1 0
2.52404 0.675469 0.675469 1 1 0
2.52891 0.674331 0.674331 1 1 0
2.53377 0.673186 0.673186 1 1 0
2.53864 0.672035 0.672035 1 1 0
2.5435 0.670878 0.670878 1 1 0
2.54836 0.669714 0.669714 1 1 0
2.55322 0.668543 0.668543 1 1 0
2.55808 0.667366 0.667366 1 1 0
2.56294 0.666182 0.666182 1 1 0
2.5678 0.664991 0.664991 1 1 0
2.57265 0.663792 0.663792 1 1 0
2.5775 0.662587 0.662587 1 1 0
2.58235 0.661374 0.661374 1 1 0
2.5872 0.660154 0.660154 1 1 0
2.59205 0.658926 0.658926 1 1 0
2.59689 0.65769 0.65769 1 1 0
2.60173 0.656446 0.656446 1 1 0
2.60657 0.655194 0.655194 1 1 0
2.61141 0.653934 0.653934 1 1 0
2.61625 0.652666 0.652666 1 1 0
2.62108 0.651389 0.651389 1 1 0
2.62591 0.650103 0.650103 1 1 0
2.63074 0.648808 0.648808 1 1 0
2.63557 0.647504 0.647504 1 1 0
2.64039 0.646191 0.646191 1 1 0
2.64521 0.644869 0.644869 1 1 0
2.65003 0.643536 0.643536 1 1 0
2.65485 0.642194 0.642194 1 1 0
2.65966 0.640842 0.640842 1 1 0
2.66447 0.639479 0.639479 1 1 0
2.66928 0.638106 0.638106 1 1 0
2.67408 0.636722 0.636722 1 1 0
2.67888 0.635327 0.635327 1 1 0
2.68368 0.63392 0.63392 1 1 0
2.68847 0.632502 0.632502 1 1 0
2.69326 0.631072 0.631072 1 1 0
2.69805 0.62963 0.62963 1 1 0
2.70283 0.628176 0.628176 1 1 0
2.70761 0.626708 0.626708 1 1 0
2.71239 0.625228 0.625228 1 1 0
2.71716 0.623733 0.623733 1 1 0
2.72192 0.622225 0.622225 1 1 0
2.72669 0.620703 0.620703 1 1 0
2.73144 0.619166 0.619166 1 1 0
2.73619 0.617614 0.617614 1 1 0
2.74094 0.616047 0.616047 1 1 0
2.74568 0.614464 0.614464 1 1 0
2.75042 0.612864 0.612864 1 1 0
2.75515 0.611247 0.611247 1 1 0
2.75987 0.609613 0.609613 1 1 0
2.76459 0.607961 0.607961 1 1 0
2.7693 0.60629 0.60629 1 1 0
2.77401 0.604601 0.604601 1 1 0
2.77871 0.602891 0.602891 1 1 0
2.78339 0.601161 0.601161 1 1 0
2.78808 0.599409 0.599409 1 1 0
2.79275 0.597636 0.597636 1 1 0
2.79741 0.595839 0.595839 1 1 0
2.80207 0.594019 0.594019 1 1 0
2.80672 0.592175 0.592175 1 1 0
2.81135 0.590305 0.590305 1 1 0
2.81598 0.588408 0.588408 1 1 0
2.82059 0.586484 0.586484 1 1 0
2.82519 0.584531 0.584531 1 1 0
2.82978 0.582547 0.582547 1 1 0
2.83435 0.580533 0.580533 1 1 0
2.83891 0.578485 0.578485 1 1 0
2.84345 0.576403 0.576403 1 1 0
2.84798 0.574285 0.574285 1 1 0
2.85249 0.572129 0.572129 1 1 0
2.85698 0.569933 0.569933 1 1 0
2.86145 0.567695 0.567695 1 1 0
2.86589 0.565413 0.565413 1 1 0
2.87031 0.563085 0.563085 1 1 0
2.87471 0.560707 0.560707 1 1 0
2.87908 0.558277 0.558277 1 1 0
2.88341 0.555791 0.555791 1 1 0
2.88771 0.553246 0.553246 1 1 0
2.89197 0.550639 0.550639 1 1 0
2.89619 0.547964 0.547964 1 1 0
2.90037 0.545218 0.545218 1 1 0
2.90449 0.542394 0.542394 1 1 0
2.90855 0.539488 0.539488 1 1 0
2.91255 0.536493 0.536493 1 1 0
2.91647 0.533402 0.533402 1 1 0
2.92031 0.530208 0.530208 1 1 0
2.92405 0.526902 0.526902 1 1 0
2.92769 0.523474 0.523474 1 1 0
2.93119 0.519916 0.519916 1 1 0
2.93454 0.516217 0.516217 1 1 0
2.93772 0.512371 0.512371 1 1 0
2.94069 0.508366 0.508366 1 1 0
2.94342 0.504193 0.504193 1 1 0
2.94586 0.49985 0.49985 1 1 0
2.94797 0.495337 0.495337 1 1 0
2.94969 0.490665 0.490665 1 1 0
2.95098 0.485855 0.485855 1 1 0
2.95177 0.480944 0.480944 1 1 0
2.95206 0.475978 0.475978 1 1 0
2.95206 0.475825 0.475825 2 1 0
2.95179 0.470859 0.470859 2 1 0
2.95101 0.465948 0.465948 2 1 0
2.94974 0.46114 0.46114 2 1 0
2.94803 0.456468 0.456468 2 1 0
2.94593 0.45194 0.45194 2 1 0
2.94351 0.447598 0.447598 2 1 0
2.94079 0.443427 0.443427 2 1 0
2.93784 0.439422 0.439422 2 1 0
2.93467 0.435577 0.435577 2 1 0
2.93134 0.431882 0.431882 2 1 0
2.92785 0.428324 0.428324 2 1 0
2.92423 0.424896 0.424896 2 1 0
2.9205 0.42159 0.42159 2 1 0
2.91667 0.418395 0.418395 2 1 0
2.91276 0.415304 0.415304 2 1 0
2.90877 0.412309 0.412309 2 1 0
2.90472 0.409402 0.409402 2 1 0
2.90061 0.406578 0.406578 2 1 0
2.89645 0.403831 0.403831 2 1 0
2.89224 0.401156 0.401156 2 1 0
2.88799 0.398548 0.398548 2 1 0
2.88371 0.396002 0.396002 2 1 0
2.87938 0.393516 0.393516 2 1 0
2.87503 0.391085 0.391085 2 1 0
2.87064 0.388706 0.388706 2 1 0
2.86623 0.386376 0.386376 2 1 0
2.8618 0.384093 0.384093 2 1 0
2.85734 0.381855 0.381855 2 1 0
2.85286 0.379658 0.379658 2 1 0
2.84836 0.377501 0.377501 2 1 0
2.84385 0.375382 0.375382 2 1 0
2.83931 0.373298 0.373298 2 1 0
2.83476 0.37125 0.37125 2 1 0
2.8302 0.369234 0.369234 2 1 0
2.82562 0.367249 0.367249 2 1 0
2.82103 0.365295 0.365295 2 1 0
2.81643 0.363369 0.363369 2 1 0
2.81181 0.361471 0.361471 2 1 0
2.80719 0.3596 0.3596 2 1 0
2.80255 0.357754 0.357754 2 1 0
2.79791 0.355932 0.355932 2 1 0
2.79325 0.354135 0.354135 2 1 0
2.78859 0.35236 0.35236 2 1 0
2.78392 0.350607 0.350607 2 1 0
2.77924 0.348875 0.348875 2 1 0
2.77455 0.347164 0.347164 2 1 0
2.76985 0.345473 0.345473 2 1 0
2.76515 0.3438 0.3438 2 1 0
2.76044 0.342147 0.342147 2 1 0
2.75573 0.340511 0.340511 2 1 0
2.75101 0.338893 0.338893 2 1 0
2.74628 0.337292 0.337292 2 1 0
2.74155 0.335707 0.335707 2 1 0
2.73681 0.334138 0.334138 2 1 0
2.73207 0.332584 0.332584 2 1 0
2.72732 0.331046 0.331046 2 1 0
2.72257 0.329522 0.329522 2 1 0
2.71781 0.328012 0.328012 2 1 0
2.71305 0.326516 0.326516 2 1 0
2.70828 0.325034 0.325034 2 1 0
2.70352 0.323565 0.323565 2 1 0
2.69874 0.322109 0.322109 2 1 0
2.69396 0.320665 0.320665 2 1 0
2.68918 0.319233 0.319233 2 1 0
2.6844 0.317813 0.317813 2 1 0
2.67961 0.316405 0.316405 2 1 0
2.67482 0.315008 0.315008 2 1 0
2.67002 0.313622 0.313622 2 1 0
2.66523 0.312247 0.312247 2 1 0
2.66043 0.310883 0.310883 2 1 0
2.65562 0.309529 0.309529 2 1 0
2.65082 0.308185 0.308185 2 1 0
2.64601 0.306851 0.306851 2 1 0
2.6412 0.305526 0.305526 2 1 0
2.63638 0.304211 0.304211 2 1 0
2.63156 0.302905 0.302905 2 1 0
2.62674 0.301609 0.301609 2 1 0
2.62192 0.300321 0.300321 2 1 0
2.6171 0.299042 0.299042 2 1 0
2.61227 0.297772 0.297772 2 1 0
2.60744 0.29651 0.29651 2 1 0
2.60261 0.295256 0.295256 2 1 0
2.59778 0.29401 0.29401 2 1 0
2.59295 0.292773 0.292773 2 1 0
2.58811 0.291543 0.291543 2 1 0
2.58327 0.29032 0.29032 2 1 0
2.57843 0.289105 0.289105 2 1 0
2.57359 0.287898 0.287898 2 1 0
2.56874 0.286698 0.286698 2 1 0
2.5639 0.285504 0.285504 2 1 0
2.55905 0.284318 0.284318 2 1 0
2.5542 0.283139 0.283139 2 1 0
2.54935 0.281966 0.281966 2 1 0
2.5445 0.2808 0.2808 2 1 0
2.53964 0.279641 0.279641 2 1 0
2.53479 0.278488 0.278488 2 1 0
2.52993 0.277341 0.277341 2 1 0
2.52507 0.276201 0.276201 2 1 0
2.52022 0.275066 0.275066 2 1 0
2.51535 0.273938 0.273938 2 1 0
2.51049 0.272816 0.272816 2 1 0
2.50563 0.271699 0.271699 2 1 0
2.50076 0.270588 0.270588 2 1 0
2.4959 0.269483 0.269483 2 1 0
2.49103 0.268384 0.268384 2 1 0
2.48616 0.267289 0.267289 2 1 0
2.48129 0.266201 0.266201 2 1 0
2.47642 0.265117 0.265117 2 1 0
2.47155 0.264039 0.264039 2 1 0
2.46668 0.262966 0.262966 2 1 0
2.4618 0.261898 0.261898 2 1 0
2.45693 0.260836 0.260836 2 1 0
2.45205 0.259778 0.259778 2 1 0
2.44717 0.258725 0.258725 2 1 0
2.4423 0.257677 0.257677 2 1 0
2.43742 0.256633 0.256633 2 1 0
2.43254 0.255595 0.255595 2 1 0
2.42765 0.254561 0.254561 2 1 0
2.42277 0.253531 0.253531 2 1 0
2.41789 0.252506 0.252506 2 1 0
2.41301 0.251486 0.251486 2 1 0
2.40812 0.25047 0.25047 2 1 0
2.40324 0.249458 0.249458 2 1 0
2.39835 0.248451 0.248451 2 1 0
2.39346 0.247448 0.247448 2 1 0
2.38857 0.246449 0.246449 2 1 0
2.38369 0.245454 0.245454 2 1 0
2.3788 0.244463 0.244463 2 1 0
2.37391 0.243476 0.243476 2 1 0
2.36902 0.242494 0.242494 2 1 0
2.36412 0.241515 0.241515 2 1 0
2.35923 0.24054 0.24054 2 1 0
2.35434 0.239569 0.239569 2 1 0
2.34945 0.238601 0.238601 2 1 0
2.34455 0.237638 0.237638 2 1 0
2.33966 0.236678 0.236678 2 1 0
2.33476 0.235722 0.235722 2 1 0
2.32986 0.234769 0.234769 2 1 0
2.32497 0.23382 0.23382 2 1 0
2.32007 0.232875 0.232875 2 1 0
2.31517 0.231933 0.231933 2 1 0
2.31027 0.230995 0.230995 2 1 0
2.30537 0.23006 0.23006 2 1 0
2.30047 0.229128 0.229128 2 1 0
2.29557 0.2282 0.2282 2 1 0
2.29067 0.227275 0.227275 2 1 0
2.28577 0.226353 0.226353 2 1 0
2.28087 0.225435 0.225435 2 1 0
2.27597 0.22452 0.22452 2 1 0
2.27106 0.223608 0.223608 2 1 0
2.26616 0.222699 0.222699 2 1 0
2.26126 0.221793 0.221793 2 1 0
2.25635 0.22089 0.22089 2 1 0
2.25145 0.219991 0.219991 2 1 0
2.24654 0.219094 0.219094 2 1 0
2.24163 0.218201 0.218201 2 1 0
2.23673 0.21731 0.21731 2 1 0
2.23182 0.216422 0.216422 2 1 0
2.22691 0.215537 0.215537 2 1 0
2.22201 0.214655 0.214655 2 1 0
2.2171 0.213776 0.213776 2 1 0
2.21219 0.2129 0.2129 2 1 0
2.20728 0.212027 0.212027 2 1 0
2.20237 0.211156 0.211156 2 1 0
2.19746 0.210288 0.210288 2 1 0
2.19255 0.209423 0.209423 2 1 0
2.18764 0.20856 0.20856 2 1 0
2.18273 0.2077 0.2077 2 1 0
2.17782 0.206843 0.206843 2 1 0
2.17291 0.205988 0.205988 2 1 0
2.168 0.205136 0.205136 2 1 0
2.16309 0.204287 0.204287 2 1 0
2.15817 0.20344 0.20344 2 1 0
2.15326 0.202596 0.202596 2 1 0
2.14835 0.201754 0.201754 2 1 0
2.14343 0.200914 0.200914 2 1 0
2.13852 0.200077 0.200077 2 1 0
2.13361 0.199243 0.199243 2 1 0
2.12869 0.198411 0.198411 2 1 0
2.12378 0.197581 0.197581 2 1 0
2.11886 0.196753 0.196753 2 1 0
2.11395 0.195928 0.195928 2 1 0
2.10903 0.195106 0.195106 2 1 0
2.10412 0.194285 0.194285 2 1 0
2.0992 0.193467 0.193467 2 1 0
2.09429 0.192651 0.192651 2 1 0
2.08937 0.191838 0.191838 2 1 0
2.08446 0.191026 0.191026 2 1 0
2.07954 0.190217 0.190217 2 1 0
2.07462 0.18941 0.18941 2 1 0
2.0697 0.188605 0.188605 2 1 0
2.06479 0.187803 0.187803 2 1 0
2.05987 0.187002 0.187002 2 1 0
2.05495 0.186204 0.186204 2 1 0
2.05004 0.185408 0.185408 2 1 0
2.04512 0.184613 0.184613 2 1 0
2.0402 0.183821 0.183821 2 1 0
2.03528 0.183031 0.183031 2 1 0
2.03036 0.182243 0.182243 2 1 0
2.02544 0.181457 0.181457 2 1 0
2.02053 0.180673 0.180673 2 1 0
2.01561 0.179891 0.179891 2 1 0
2.01069 0.179111 0.179111 2 1 0
2.00577 0.178333 0.178333 2 1 0
2.00085 0.177557 0.177557 2 1 0
1.99593 0.176783 0.176783 2 1 0
1.99101 0.176011 0.176011 2 1 0
1.98609 0.17524 0.17524 2 1 0
1.98117 0.174472 0.174472 2 1 0
1.97625 0.173705 0.173705 2 1 0
1.97133 0.172941 0.172941 2 1 0
1.96641 0.172178 0.172178 2 1 0
1.96149 0.171417 0.171417 2 1 0
1.95657 0.170658 0.170658 2 1 0
1.95165 0.1699 0.1699 2 1 0
1.94673 0.169145 0.169145 2 1 0
1.94181 0.168391 0.168391 2 1 0
1.93689 0.167639 0.167639 2 1 0
1.93197 0.166888 0.166888 2 1 0
1.92705 0.16614 0.16614 2 1 0
1.92213 0.165393 0.165393 2 1 0
1.91721 0.164648 0.164648 2 1 0
1.91229 0.163904 0.163904 2 1 0
1.90737 0.163163 0.163163 2 1 0
1.90245 0.162422 0.162422 2 1 0
1.89753 0.161684 0.161684 2 1 0
1.89261 0.160947 0.160947 2 1 0
1.88769 0.160212 0.160212 2 1 0
1.88277 0.159479 0.159479 2 1 0
1.87785 0.158747 0.158747 2 1 0
1.87293 0.158017 0.158017 2 1 0
1.86801 0.157288 0.157288 2 1 0
1.86309 0.156561 0.156561 2 1 0
1.85817 0.155836 0.155836 2 1 0
1.85325 0.155112 0.155112 2 1 0
1.84833 0.154389 0.154389 2 1 0
1.8434 0.153668 0.153668 2 1 0
1.83848 0.152949 0.152949 2 1 0
1.83356 0.152231 0.152231 2 1 0
1.82864 0.151515 0.151515 2 1 0
1.82373 0.150801 0.150801 2 1 0
1.81881 0.150087 0.150087 2 1 0
1.81389 0.149376 0.149376 2 1 0
1.80897 0.148665 0.148665 2 1 0
1.80405 0.147957 0.147957 2 1 0
1.79913 0.147249 0.147249 2 1 0
1.79421 0.146543 0.146543 2 1 0
1.78929 0.145839 0.145839 2 1 0
1.78437 0.145136 0.145136 2 1 0
1.77945 0.144434 0.144434 2 1 0
1.77453 0.143734 0.143734 2 1 0
1.76961 0.143035 0.143035 2 1 0
1.7647 0.142338 0.142338 2 1 0
1.75978 0.141642 0.141642 2 1 0
1.75486 0.140947 0.140947 2 1 0
1.74994 0.140254 0.140254 2 1 0
1.74503 0.139562 0.139562 2 1 0
1.74011 0.138871 0.138871 2 1 0
1.73519 0.138182 0.138182 2 1 0
1.73027 0.137494 0.137494 2 1 0
1.72536 0.136807 0.136807 2 1 0
1.72044 0.136122 0.136122 2 1 0
1.71552 0.135438 0.135438 2 1 0
1.71061 0.134756 0.134756 2 1 0
1.70569 0.134074 0.134074 2 1 0
1.70078 0.133394 0.133394 2 1 0
1.69586 0.132715 0.132715 2 1 0
1.69095 0.132038 0.132038 2 1 0
1.68603 0.131361 0.131361 2 1 0
1.68112 0.130686 0.130686 2 1 0
1.67621 0.130012 0.130012 2 1 0
1.67129 0.12934 0.12934 2 1 0
1.66638 0.128669 0.128669 2 1 0
1.66147 0.127998 0.127998 2 1 0
1.65655 0.127329 0.127329 2 1 0
1.65164 0.126662 0.126662 2 1 0
1.64673 0.125995 0.125995 2 1 0
1.64182 0.12533 0.12533 2 1 0
1.63691 0.124666 0.124666 2 1 0
1.632 0.124003 0.124003 2 1 0
1.62709 0.123341 0.123341 2 1 0
1.62218 0.12268 0.12268 2 1 0
1.61727 0.122021 0.122021 2 1 0
1.61236 0.121363 0.121363 2 1 0
1.60745 0.120705 0.120705 2 1 0
1.60254 0.120049 0.120049 2 1 0
1.59763 0.119395 0.119395 2 1 0
1.59273 0.118741 0.118741 2 1 0
1.58782 0.118088 0.118088 2 1 0
1.58291 0.117437 0.117437 2 1 0
1.57801 0.116786 0.116786 2 1 0
1.5731 0.116137 0.116137 2 1 0
1.5682 0.115488 0.115488 2 1 0
1.56329 0.114841 0.114841 2 1 0
1.55839 0.114195 0.114195 2 1 0
1.55349 0.11355 0.11355 2 1 0
1.54859 0.112906 0.112906 2 1 0
1.54369 0.112263 0.112263 2 1 0
1.53878 0.111621 0.111621 2 1 0
1.53388 0.11098 0.11098 2 1 0
1.52898 0.110341 0.110341 2 1 0
1.52409 0.109702 0.109702 2 1 0
1.51919 0.109064 0.109064 2 1 0
1.51429 0.108428 0.108428 2 1 0
1.50939 0.107792 0.107792 2 1 0
1.5045 0.107157 0.107157 2 1 0
1.4996 0.106524 0.106524 2 1 0
1.49471 0.105891 0.105891 2 1 0
1.48982 0.105259 0.105259 2 1 0
1.48492 0.104628 0.104628 2 1 0
1.48003 0.103999 0.103999 2 1 0
1.47514 0.10337 0.10337 2 1 0
1.47025 0.102742 0.102742 2 1 0
1.46536 0.102115 0.102115 2 1 0
1.46047 0.10149 0.10149 2 1 0
1.45558 0.100865 0.100865 2 1 0
1.4507 0.100241 0.100241 2 1 0
1.44581 0.0996178 0.0996178 2 1 0
1.44093 0.0989957 0.0989957 2 1 0
1.43604 0.0983746 0.0983746 2 1 0
1.43116 0.0977543 0.0977543 2 1 0
1.42628 0.097135 0.097135 2 1 0
1.4214 0.0965167 0.0965167 2 1 0
1.41652 0.0958992 0.0958992 2 1 0
1.41164 0.0952826 0.0952826 2 1 0
1.40677 0.0946669 0.0946669 2 1 0
1.40189 0.0940521 0.0940521 2 1 0
1.39702 0.0934382 0.0934382 2 1 0
1.39214 0.0928252 0.0928252 2 1 0
1.38727 0.0922131 0.0922131 2 1 0
1.3824 0.0916018 0.0916018 2 1 0
1.37753 0.0909914 0.0909914 2 1 0
1.37266 0.0903819 0.0903819 2 1 0
1.3678 0.0897732 0.0897732 2 1 0
1.36293 0.0891653 0.0891653 2 1 0
1.35807 0.0885583 0.0885583 2 1 0
1.35321 0.0879522 0.0879522 2 1 0
1.34835 0.0873468 0.0873468 2 1 0
1.34349 0.0867423 0.0867423 2 1 0
1.33863 0.0861386 0.0861386 2 1 0
1.33378 0.0855358 0.0855358 2 1 0
1.32892 0.0849337 0.0849337 2 1 0
1.32407 0.0843325 0.0843325 2 1 0
1.31922 0.083732 0.083732 2 1 0
1.31437 0.0831324 0.0831324 2 1 0
1.30952 0.0825335 0.0825335 2 1 0
1.30468 0.0819354 0.0819354 2 1 0
1.29984 0.0813381 0.0813381 2 1 0
1.295 0.0807416 0.0807416 2 1 0
1.29016 0.0801458 0.0801458 2 1 0
1.28532 0.0795509 0.0795509 2 1 0
1.28048 0.0789566 0.0789566 2 1 0
1.27565 0.0783631 0.0783631 2 1 0
1.27082 0.0777704 0.0777704 2 1 0
1.26599 0.0771784 0.0771784 2 1 0
1.26117 0.0765871 0.0765871 2 1 0
1.25635 0.0759966 0.0759966 2 1 0
1.25152 0.0754068 0.0754068 2 1 0
1.24671 0.0748177 0.0748177 2 1 0
1.24189 0.0742293 0.0742293 2 1 0
1.23708 0.0736417 0.0736417 2 1 0
1.23227 0.0730547 0.0730547 2 1 0
1.22746 0.0724684 0.0724684 2 1 0
1.22266 0.0718828 0.0718828 2 1 0
1.21785 0.0712979 0.0712979 2 1 0
1.21306 0.0707137 0.0707137 2 1 0
1.20826 0.0701302 0.0701302 2 1 0
1.20347 0.0695473 0.0695473 2 1 0
1.19868 0.068965 0.068965 2 1 0
1.19389 0.0683835 0.0683835 2 1 0
1.18911 0.0678025 0.0678025 2 1 0
1.18433 0.0672222 0.0672222 2 1 0
1.17956 0.0666426 0.0666426 2 1 0
1.17479 0.0660635 0.0660635 2 1 0
1.17002 0.0654851 0.0654851 2 1 0
1.16526 0.0649073 0.0649073 2 1 0
1.1605 0.0643301 0.0643301 2 1 0
1.15574 0.0637535 0.0637535 2 1 0
1.15099 0.0631775 0.0631775 2 1 0
1.14624 0.062602 0.062602 2 1 0
1.1415 0.0620272 0.0620272 2 1 0
1.13676 0.0614529 0.0614529 2 1 0
1.13203 0.0608791 0.0608791 2 1 0
1.1273 0.060306 0.060306 2 1 0
1.12258 0.0597333 0.0597333 2 1 0
1.11786 0.0591612 0.0591612 2 1 0
1.11315 0.0585896 0.0585896 2 1 0
1.10844 0.0580185 0.0580185 2 1 0
1.10374 0.057448 0.057448 2 1 0
1.09904 0.0568779 0.0568779 2 1 0
1.09435 0.0563083 0.0563083 2 1 0
1.08967 0.0557392 0.0557392 2 1 0
1.08499 0.0551705 0.0551705 2 1 0
1.08032 0.0546023 0.0546023 2 1 0
1.07566 0.0540346 0.0540346 2 1 0
1.071 0.0534672 0.0534672 2 1 0
1.06635 0.0529003 0.0529003 2 1 0
1.06171 0.0523338 0.0523338 2 1 0
1.05708 0.0517677 0.0517677 2 1 0
1.05245 0.0512019 0.0512019 2 1 0
1.04783 0.0506366 0.0506366 2 1 0
1.04322 0.0500715 0.0500715 2 1 0
1.03862 0.0495068 0.0495068 2 1 0
1.03403 0.0489424 0.0489424 2 1 0
1.02945 0.0483784 0.0483784 2 1 0
1.02488 0.0478146 0.0478146 2 1 0
1.02032 0.047251 0.047251 2 1 0
1.01576 0.0466877 0.0466877 2 1 0
1.01122 0.0461247 0.0461247 2 1 0
1.00669 0.0455618 0.0455618 2 1 0
1.00218 0.0449991 0.0449991 2 1 0
0.997671 0.0444366 0.0444366 2 1 0
0.993178 0.0438742 0.0438742 2 1 0
0.988698 0.0433119 0.0433119 2 1 0
0.984232 0.0427497 0.0427497 2 1 0
0.97978 0.0421876 0.0421876 2 1 0
0.975343 0.0416254 0.0416254 2 1 0
0.970922 0.0410633 0.0410633 2 1 0
0.966516 0.0405011 0.0405011 2 1 0
0.962128 0.0399388 0.0399388 2 1 0
0.957757 0.0393764 0.0393764 2 1 0
0.953404 0.0388139 0.0388139 2 1 0
0.949071 0.0382512 0.0382512 2 1 0
0.944758 0.0376882 0.0376882 2 1 0
0.940466 0.0371249 0.0371249 2 1 0
0.936196 0.0365612 0.0365612 2 1 0
0.931949 0.0359972 0.0359972 2 1 0
0.927728 0.0354327 0.0354327 2 1 0
0.923532 0.0348677 0.0348677 2 1 0
0.919363 0.0343021 0.0343021 2 1 0
0.915223 0.0337359 0.0337359 2 1 0
0.911113 0.0331689 0.0331689 2 1 0
0.907036 0.0326011 0.0326011 2 1 0
0.902992 0.0320324 0.0320324 2 1 0
0.898986 0.0314628 0.0314628 2 1 0
0.895017 0.030892 0.030892 2 1 0
0.89109 0.03032 0.03032 2 1 0
0.887208 0.0297468 0.0297468 2 1 0
0.883372 0.0291721 0.0291721 2 1 0
0.879587 0.0285959 0.0285959 2 1 0
0.875856 0.0280179 0.0280179 2 1 0
0.872185 0.0274382 0.0274382 2 1 0
0.868577 0.0268565 0.0268565 2 1 0
0.865038 0.0262726 0.0262726 2 1 0
0.861574 0.0256864 0.0256864 2 1 0
0.858192 0.0250978 0.0250978 2 1 0
0.854901 0.0245066 0.0245066 2 1 0
0.851708 0.0239125 0.0239125 2 1 0
0.848625 0.0233155 0.0233155 2 1 0
0.845662 0.0227155 0.0227155 2 1 0
0.842834 0.0221123 0.0221123 2 1 0
0.840157 0.0215058 0.0215058 2 1 0
0.837648 0.0208963 0.0208963 2 1 0
0.83533 0.0202844 0.0202844 2 1 0
0.833225 0.01967 0.01967 2 1 0
0.83136 0.0190538 0.0190538 2 1 0
0.829766 0.0184369 0.0184369 2 1 0
0.828474 0.0178206 0.0178206 2 1 0
0.827521 0.017207 0.017207 2 1 0
0.82694 0.0165988 0.0165988 2 1 0
0.826762 0.0160493 0.0160493 2 1 0
0.826979 0.0154609 0.0154609 1 1 0
0.827641 0.0148887 0.0148887 1 1 0
0.828753 0.0143369 0.0143369 1 1 0
0.830303 0.0138089 0.0138089 1 1 0
0.832269 0.0133076 0.0133076 1 1 0
0.834617 0.0128345 0.0128345 1 1 0
0.837309 0.0123905 0.0123905 1 1 0
0.840301 0.0119749 0.0119749 1 1 0
0.843555 0.0115869 0.0115869 1 1 0
0.847033 0.0112248 0.0112248 1 1 0
0.850702 0.0108869 0.0108869 1 1 0
0.854534 0.0105713 0.0105713 1 1 0
0.858504 0.0102761 0.0102761 1 1 0
0.862593 0.00999959 0.00999959 1 1 0
0.866785 0.00973994 0.00973994 1 1 0
0.871064 0.00949586 0.00949586 1 1 0
0.875417 0.00926597 0.00926597 1 1 0
0.879835 0.00904901 0.00904901 1 1 0
0.884309 0.00884388 0.00884388 1 1 0
0.888832 0.00864957 0.00864957 1 1 0
0.893398 0.0084652 0.0084652 1 1 0
0.898001 0.00828997 0.00828997 1 1 0
0.902638 0.00812315 0.00812315 1 1 0
0.907305 0.00796411 0.00796411 1 1 0
0.911998 0.00781226 0.00781226 1 1 0
0.916715 0.0076671 0.0076671 1 1 0
0.921453 0.00752813 0.00752813 1 1 0
0.92621 0.00739495 0.00739495 1 1 0
0.930985 0.00726716 0.00726716 1 1 0
0.935775 0.0071444 0.0071444 1 1 0
0.940579 0.00702637 0.00702637 1 1 0
0.945397 0.00691277 0.00691277 1 1 0
0.950226 0.00680332 0.00680332 1 1 0
0.955065 0.00669778 0.00669778 1 1 0
0.959915 0.00659594 0.00659594 1 1 0
0.964774 0.00649757 0.00649757 1 1 0
0.969641 0.00640249 0.00640249 1 1 0
0.974515 0.00631052 0.00631052 1 1 0
0.979397 0.0062215 0.0062215 1 1 0
0.984286 0.00613527 0.00613527 1 1 0
0.98918 0.0060517 0.0060517 1 1 0
0.99408 0.00597065 0.00597065 1 1 0
0.998986 0.00589199 0.00589199 1 1 0
1.0039 0.00581563 0.00581563 1 1 0
1.00881 0.00574144 0.00574144 1 1 0
1.01373 0.00566933 0.00566933 1 1 0
1.01865 0.00559921 0.00559921 1 1 0
1.02358 0.00553098 0.00553098 1 1 0
1.02851 0.00546458 0.00546458 1 1 0
1.03344 0.00539991 0.00539991 1 1 0
1.03838 0.0053369 0.0053369 1 1 0
1.04332 0.0052755 0.0052755 1 1 0
1.04826 0.00521562 0.00521562 1 1 0
1.05321 0.00515722 0.00515722 1 1 0
1.05815 0.00510024 0.00510024 1 1 0
1.0631 0.00504461 0.00504461 1 1 0
1.06805 0.00499029 0.00499029 1 1 0
1.07301 0.00493723 0.00493723 1 1 0
1.07796 0.00488539 0.00488539 1 1 0
1.08292 0.00483471 0.00483471 1 1 0
1.08788 0.00478516 0.00478516 1 1 0
1.09284 0.0047367 0.0047367 1 1 0
1.0978 0.00468929 0.00468929 1 1 0
1.10276 0.00464289 0.00464289 1 1 0
1.10773 0.00459747 0.00459747 1 1 0
1.1127 0.004553 0.004553 1 1 0
1.11766 0.00450944 0.00450944 1 1 0
1.12263 0.00446677 0.00446677 1 1 0
1.1276 0.00442496 0.00442496 1 1 0
1.13257 0.00438398 0.00438398 1 1 0
1.13754 0.00434381 0.00434381 1 1 0
1.14252 0.00430441 0.00430441 1 1 0
1.14749 0.00426577 0.00426577 1 1 0
1.15247 0.00422786 0.00422786 1 1 0
1.15744 0.00419067 0.00419067 1 1 0
1.16242 0.00415416 0.00415416 1 1 0
1.1674 0.00411832 0.00411832 1 1 0
1.17237 0.00408314 0.00408314 1 1 0
1.17735 0.00404859 0.00404859 1 1 0
1.18233 0.00401465 0.00401465 1 1 0
1.18731 0.00398131 0.00398131 1 1 0
1.19229 0.00394856 0.00394856 1 1 0
1.19727 0.00391636 0.00391636 1 1 0
1.20226 0.00388472 0.00388472 1 1 0
1.20724 0.00385362 0.00385362 1 1 0
1.21222 0.00382303 0.00382303 1 1 0
1.2172 0.00379295 0.00379295 1 1 0
1.22219 0.00376337 0.00376337 1 1 0
1.22717 0.00373427 0.00373427 1 1 0
1.23216 0.00370564 0.00370564 1 1 0
1.23714 0.00367747 0.00367747 1 1 0
1.24213 0.00364974 0.00364974 1 1 0
1.24712 0.00362245 0.00362245 1 1 0
1.2521 0.00359558 0.00359558 1 1 0
1.25709 0.00356913 0.00356913 1 1 0
1.26208 0.00354308 0.00354308 1 1 0
1.26706 0.00351743 0.00351743 1 1 0
1.27205 0.00349217 0.00349217 1 1 0
1.27704 0.00346728 0.00346728 1 1 0
1.28203 0.00344276 0.00344276 1 1 0
1.28702 0.0034186 0.0034186 1 1 0
1.29201 0.00339479 0.00339479 1 1 0
1.297 0.00337132 0.00337132 1 1 0
1.30199 0.00334819 0.00334819 1 1 0
1.30698 0.00332539 0.00332539 1 1 0
1.31197 0.00330291 0.00330291 1 1 0
1.31696 0.00328074 0.00328074 1 1 0
1.32195 0.00325889 0.00325889 1 1 0
1.32694 0.00323733 0.00323733 1 1 0
1.33193 0.00321607 0.00321607 1 1 0
1.33692 0.00319509 0.00319509 1 1 0
1.34192 0.0031744 0.0031744 1 1 0
1.34691 0.00315398 0.00315398 1 1 0
1.3519 0.00313384 0.00313384 1 1 0
1.35689 0.00311396 0.00311396 1 1 0
1.36188 0.00309434 0.00309434 1 1 0
1.36688 0.00307497 0.00307497 1 1 0
1.37187 0.00305586 0.00305586 1 1 0
1.37686 0.00303699 0.00303699 1 1 0
1.38186 0.00301836 0.00301836 1 1 0
1.38685 0.00299996 0.00299996 1 1 0
1.39184 0.00298179 0.00298179 1 1 0
1.39684 0.00296385 0.00296385 1 1 0
1.40183 0.00294613 0.00294613 1 1 0
1.40682 0.00292863 0.00292863 1 1 0
1.41182 0.00291135 0.00291135 1 1 0
1.41681 0.00289427 0.00289427 1 1 0
1.42181 0.0028774 0.0028774 1 1 0
1.4268 0.00286073 0.00286073 1 1 0
1.4318 0.00284425 0.00284425 1 1 0
1.43679 0.00282798 0.00282798 1 1 0
1.44179 0.00281189 0.00281189 1 1 0
1.44678 0.00279599 0.00279599 1 1 0
1.45178 0.00278027 0.00278027 1 1 0
1.45677 0.00276474 0.00276474 1 1 0
1.46177 0.00274938 0.00274938 1 1 0
1.46676 0.0027342 0.0027342 1 1 0
1.47176 0.00271919 0.00271919 1 1 0
1.47675 0.00270435 0.00270435 1 1 0
1.48175 0.00268967 0.00268967 1 1 0
1.48674 0.00267516 0.00267516 1 1 0
1.49174 0.0026608 0.0026608 1 1 0
1.49674 0.00264661 0.00264661 1 1 0
1.50173 0.00263257 0.00263257 1 1 0
1.50673 0.00261868 0.00261868 1 1 0
1.51172 0.00260494 0.00260494 1 1 0
1.51672 0.00259134 0.00259134 1 1 0
1.52172 0.0025779 0.0025779 1 1 0
1.52671 0.00256459 0.00256459 1 1 0
1.53171 0.00255143 0.00255143 1 1 0
1.53671 0.0025384 0.0025384 1 1 0
1.5417 0.00252551 0.00252551 1 1 0
1.5467 0.00251275 0.00251275 1 1 0
1.5517 0.00250012 0.00250012 1 1 0
1.55669 0.00248762 0.00248762 1 1 0
1.56169 0.00247525 0.00247525 1 1 0
1.56669 0.00246301 0.00246301 1 1 0
1.57168 0.00245089 0.00245089 1 1 0
1.57668 0.00243888 0.00243888 1 1 0
1.58168 0.002427 0.002427 1 1 0
1.58668 0.00241524 0.00241524 1 1 0
1.59167 0.00240359 0.00240359 1 1 0
1.59667 0.00239206 0.00239206 1 1 0
1.60167 0.00238064 0.00238064 1 1 0
1.60666 0.00236933 0.00236933 1 1 0
1.61166 0.00235813 0.00235813 1 1 0
1.61666 0.00234704 0.00234704 1 1 0
1.62166 0.00233605 0.00233605 1 1 0
1.62665 0.00232517 0.00232517 1 1 0
1.63165 0.00231439 0.00231439 1 1 0
1.63665 0.00230372 0.00230372 1 1 0
1.64165 0.00229314 0.00229314 1 1 0
1.64665 0.00228266 0.00228266 1 1 0
1.65164 0.00227228 0.00227228 1 1 0
1.65664 0.002262 0.002262 1 1 0
1.66164 0.00225181 0.00225181 1 1 0
1.66664 0.00224171 0.00224171 1 1 0
1.67163 0.0022317 0.0022317 1 1 0
1.67663 0.00222179 0.00222179 1 1 0
1.68163 0.00221196 0.00221196 1 1 0
1.68663 0.00220222 0.00220222 1 1 0
1.69163 0.00219257 0.00219257 1 1 0
1.69662 0.00218301 0.00218301 1 1 0
1.70162 0.00217353 0.00217353 1 1 0
1.70662 0.00216413 0.00216413 1 1 0
1.71162 0.00215482 0.00215482 1 1 0
1.71662 0.00214559 0.00214559 1 1 0
1.72162 0.00213643 0.00213643 1 1 0
1.72661 0.00212736 0.00212736 1 1 0
1.73161 0.00211836 0.00211836 1 1 0
1.73661 0.00210945 0.00210945 1 1 0
1.74161 0.0021006 0.0021006 1 1 0
1.74661 0.00209184 0.00209184 1 1 0
1.75161 0.00208314 0.00208314 1 1 0
1.7566 0.00207452 0.00207452 1 1 0
1.7616 0.00206598 0.00206598 1 1 0
1.7666 0.0020575 0.0020575 1 1 0
1.7716 0.00204909 0.00204909 1 1 0
1.7766 0.00204076 0.00204076 1 1 0
1.7816 0.00203249 0.00203249 1 1 0
1.78659 0.00202429 0.00202429 1 1 0
1.79159 0.00201616 0.00201616 1 1 0
1.79659 0.00200809 0.00200809 1 1 0
1.80159 0.00200009 0.00200009 1 1 0
1.80659 0.00199215 0.00199215 1 1 0
1.81159 0.00198428 0.00198428 1 1 0
1.81659 0.00197647 0.00197647 1 1 0
1.82159 0.00196872 0.00196872 1 1 0
1.82658 0.00196103 0.00196103 1 1 0
1.83158 0.00195341 0.00195341 1 1 0
1.83658 0.00194584 0.00194584 1 1 0
1.84158 0.00193833 0.00193833 1 1 0
1.84658 0.00193088 0.00193088 1 1 0
1.85158 0.00192349 0.00192349 1 1 0
1.85658 0.00191616 0.00191616 1 1 0
1.86158 0.00190888 0.00190888 1 1 0
1.86657 0.00190166 0.00190166 1 1 0
1.87157 0.0018945 0.0018945 1 1 0
1.87657 0.00188738 0.00188738 1 1 0
1.88157 0.00188033 0.00188033 1 1 0
1.88657 0.00187332 0.00187332 1 1 0
1.89157 0.00186637 0.00186637 1 1 0
1.89657 0.00185947 0.00185947 1 1 0
1.90157 0.00185262 0.00185262 1 1 0
1.90657 0.00184583 0.00184583 1 1 0
1.91156 0.00183908 0.00183908 1 1 0
1.91656 0.00183238 0.00183238 1 1 0
1.92156 0.00182574 0.00182574 1 1 0
1.92656 0.00181914 0.00181914 1 1 0
1.93156 0.00181259 0.00181259 1 1 0
1.93656 0.00180608 0.00180608 1 1 0
1.94156 0.00179963 0.00179963 1 1 0
1.94656 0.00179322 0.00179322 1 1 0
1.95156 0.00178686 0.00178686 1 1 0
1.95656 0.00178054 0.00178054 1 1 0
1.96156 0.00177427 0.00177427 1 1 0
1.96655 0.00176804 0.00176804 1 1 0
1.97155 0.00176185 0.00176185 1 1 0
1.97655 0.00175571 0.00175571 1 1 0
1.98155 0.00174962 0.00174962 1 1 0
1.98655 0.00174356 0.00174356 1 1 0
1.99155 0.00173755 0.00173755 1 1 0
1.99655 0.00173158 0.00173158 1 1 0
2.00155 0.00172565 0.00172565 1 1 0
2.00655 0.00171976 0.00171976 1 1 0
2.01155 0.00171391 0.00171391 1 1 0
2.01655 0.00170811 0.00170811 1 1 0
2.02155 0.00170234 0.00170234 1 1 0
2.02655 0.00169661 0.00169661 1 1 0
2.03154 0.00169092 0.00169092 1 1 0
2.03654 0.00168527 0.00168527 1 1 0
2.04154 0.00167966 0.00167966 1 1 0
2.04654 0.00167408 0.00167408 1 1 0
2.05154 0.00166854 0.00166854 1 1 0
2.05654 0.00166304 0.00166304 1 1 0
2.06154 0.00165758 0.00165758 1 1 0
2.06654 0.00165215 0.00165215 1 1 0
2.07154 0.00164675 0.00164675 1 1 0
2.07654 0.0016414 0.0016414 1 1 0
2.08154 0.00163608 0.00163608 1 1 0
2.08654 0.00163079 0.00163079 1 1 0
2.09154 0.00162554 0.00162554 1 1 0
2.09654 0.00162032 0.00162032 1 1 0
2.10154 0.00161513 0.00161513 1 1 0
2.10654 0.00160998 0.00160998 1 1 0
2.11153 0.00160486 0.00160486 1 1 0
2.11653 0.00159977 0.00159977 1 1 0
2.12153 0.00159472 0.00159472 1 1 0
2.12653 0.0015897 0.0015897 1 1 0
2.13153 0.00158471 0.00158471 1 1 0
2.13653 0.00157975 0.00157975 1 1 0
2.14153 0.00157483 0.00157483 1 1 0
2.14653 0.00156993 0.00156993 1 1 0
2.15153 0.00156507 0.00156507 1 1 0
2.15653 0.00156023 0.00156023 1 1 0
2.16153 0.00155543 0.00155543 1 1 0
2.16653 0.00155065 0.00155065 1 1 0
2.17153 0.00154591 0.00154591 1 1 0
2.17653 0.00154119 0.00154119 1 1 0
2.18153 0.0015365 0.0015365 1 1 0
2.18653 0.00153184 0.00153184 1 1 0
2.19153 0.00152721 0.00152721 1 1 0
2.19653 0.00152261 0.00152261 1 1 0
2.20153 0.00151804 0.00151804 1 1 0
2.20652 0.00151349 0.00151349 1 1 0
2.21152 0.00150897 0.00150897 1 1 0
2.21652 0.00150448 0.00150448 1 1 0
2.22152 0.00150002 0.00150002 1 1 0
2.22652 0.00149558 0.00149558 1 1 0
2.23152 0.00149117 0.00149117 1 1 0
2.23652 0.00148678 0.00148678 1 1 0
2.24152 0.00148242 0.00148242 1 1 0
2.24652 0.00147809 0.00147809 1 1 0
2.25152 0.00147378 0.00147378 1 1 0
2.25652 0.00146949 0.00146949 1 1 0
2.26152 0.00146524 0.00146524 1 1 0
2.26652 0.001461 0.001461 1 1 0
2.27152 0.00145679 0.00145679 1 1 0
2.27652 0.00145261 0.00145261 1 1 0
2.28152 0.00144845 0.00144845 1 1 0
2.28652 0.00144431 0.00144431 1 1 0
2.29152 0.0014402 0.0014402 1 1 0
2.29652 0.00143611 0.00143611 1 1 0
2.30152 0.00143204 0.00143204 1 1 0
2.30652 0.001428 0.001428 1 1 0
2.31152 0.00142398 0.00142398 1 1 0
2.31652 0.00141999 0.00141999 1 1 0
2.32152 0.00141601 0.00141601 1 1 0
2.32652 0.00141206 0.00141206 1 1 0
2.33151 0.00140813 0.00140813 1 1 0
2.33651 0.00140422 0.00140422 1 1 0
2.34151 0.00140034 0.00140034 1 1 0
2.34651 0.00139647 0.00139647 1 1 0
2.35151 0.00139263 0.00139263 1 1 0
2.35651 0.00138881 0.00138881 1 1 0
2.36151 0.00138501 0.00138501 1 1 0
2.36651 0.00138123 0.00138123 1 1 0
2.37151 0.00137747 0.00137747 1 1 0
2.37651 0.00137373 0.00137373 1 1 0
2.38151 0.00137001 0.00137001 1 1 0
2.38651 0.00136631 0.00136631 1 1 0
2.39151 0.00136264 0.00136264 1 1 0
2.39651 0.00135898 0.00135898 1 1 0
2.40151 0.00135534 0.00135534 1 1 0
2.40651 0.00135172 0.00135172 1 1 0
2.41151 0.00134812 0.00134812 1 1 0
2.41651 0.00134454 0.00134454 1 1 0
2.42151 0.00134098 0.00134098 1 1 0
2.42651 0.00133744 0.00133744 1 1 0
2.43151 0.00133392 0.00133392 1 1 0
2.43651 0.00133041 0.00133041 1 1 0
2.44151 0.00132693 0.00132693 1 1 0
2.44651 0.00132346 0.00132346 1 1 0
2.45151 0.00132001 0.00132001 1 1 0
2.45651 0.00131658 0.00131658 1 1 0
2.46151 0.00131316 0.00131316 1 1 0
2.46651 0.00130977 0.00130977 1 1 0
2.47151 0.00130639 0.00130639 1 1 0
2.47651 0.00130303 0.00130303 1 1 0
2.48151 0.00129969 0.00129969 1 1 0
2.48651 0.00129636 0.00129636 1 1 0
2.49151 0.00129305 0.00129305 1 1 0
2.49651 0.00128976 0.00128976 1 1 0
2.50151 0.00128648 0.00128648 1 1 0
2.5065 0.00128323 0.00128323 1 1 0
2.5115 0.00127998 0.00127998 1 1 0
2.5165 0.00127676 0.00127676 1 1 0
2.5215 0.00127355 0.00127355 1 1 0
2.5265 0.00127036 0.00127036 1 1 0
2.5315 0.00126718 0.00126718 1 1 0
2.5365 0.00126402 0.00126402 1 1 0
2.5415 0.00126087 0.00126087 1 1 0
2.5465 0.00125775 0.00125775 1 1 0
2.5515 0.00125463 0.00125463 1 1 0
2.5565 0.00125153 0.00125153 1 1 0
2.5615 0.00124845 0.00124845 1 1 0
2.5665 0.00124538 0.00124538 1 1 0
2.5715 0.00124233 0.00124233 1 1 0
2.5765 0.00123929 0.00123929 1 1 0
2.5815 0.00123627 0.00123627 1 1 0
2.5865 0.00123326 0.00123326 1 1 0
2.5915 0.00123027 0.00123027 1 1 0
2.5965 0.00122729 0.00122729 1 1 0
2.6015 0.00122433 0.00122433 1 1 0
2.6065 0.00122138 0.00122138 1 1 0
2.6115 0.00121844 0.00121844 1 1 0
2.6165 0.00121552 0.00121552 1 1 0
2.6215 0.00121261 0.00121261 1 1 0
2.6265 0.00120972 0.00120972 1 1 0
2.6315 0.00120684 0.00120684 1 1 0
2.6365 0.00120398 0.00120398 1 1 0
2.6415 0.00120112 0.00120112 1 1 0
2.6465 0.00119829 0.00119829 1 1 0
2.6515 0.00119546 0.00119546 1 1 0
2.6565 0.00119265 0.00119265 1 1 0
2.6615 0.00118985 0.00118985 1 1 0
2.6665 0.00118707 0.00118707 1 1 0
2.6715 0.00118429 0.00118429 1 1 0
2.6765 0.00118153 0.00118153 1 1 0
2.6815 0.00117879 0.00117879 1 1 0
2.6865 0.00117605 0.00117605 1 1 0
2.6915 0.00117333 0.00117333 1 1 0
2.6965 0.00117063 0.00117063 1 1 0
2.7015 0.00116793 0.00116793 1 1 0
2.7065 0.00116525 0.00116525 1 1 0
2.7115 0.00116258 0.00116258 1 1 0
2.7165 0.00115992 0.00115992 1 1 0
2.7215 0.00115727 0.00115727 1 1 0
2.7265 0.00115464 0.00115464 1 1 0
2.7315 0.00115202 0.00115202 1 1 0
2.7365 0.00114941 0.00114941 1 1 0
2.7415 0.00114681 0.00114681 1 1 0
2.7465 0.00114422 0.00114422 1 1 0
2.7515 0.00114165 0.00114165 1 1 0
2.7565 0.00113908 0.00113908 1 1 0
2.7615 0.00113653 0.00113653 1 1 0
2.76649 0.00113399 0.00113399 1 1 0
2.77149 0.00113146 0.00113146 1 1 0
2.77649 0.00112895 0.00112895 1 1 0
2.78149 0.00112644 0.00112644 1 1 0
2.78649 0.00112394 0.00112394 1 1 0
2.79149 0.00112146 0.00112146 1 1 0
2.79649 0.00111899 0.00111899 1 1 0
2.80149 0.00111653 0.00111653 1 1 0
2.80649 0.00111407 0.00111407 1 1 0
2.81149 0.00111163 0.00111163 1 1 0
2.81649 0.0011092 0.0011092 1 1 0
2.82149 0.00110678 0.00110678 1 1 0
2.82649 0.00110438 0.00110438 1 1 0
2.83149 0.00110198 0.00110198 1 1 0
2.83649 0.00109959 0.00109959 1 1 0
2.84149 0.00109721 0.00109721 1 1 0
2.84649 0.00109485 0.00109485 1 1 0
2.85149 0.00109249 0.00109249 1 1 0
2.85649 0.00109014 0.00109014 1 1 0
2.86149 0.00108781 0.00108781 1 1 0
2.86649 0.00108548 0.00108548 1 1 0
2.87149 0.00108317 0.00108317 1 1 0
2.87649 0.00108086 0.00108086 1 1 0
2.88149 0.00107856 0.00107856 1 1 0
2.88649 0.00107628 0.00107628 1 1 0
2.89149 0.001074 0.001074 1 1 0
2.89649 0.00107173 0.00107173 1 1 0
2.90149 0.00106947 0.00106947 1 1 0
2.90649 0.00106723 0.00106723 1 1 0
2.91149 0.00106499 0.00106499 1 1 0
2.91649 0.00106276 0.00106276 1 1 0
2.92149 0.00106054 0.00106054 1 1 0
2.92649 0.00105833 0.00105833 1 1 0
2.93149 0.00105613 0.00105613 1 1 0
2.93649 0.00105393 0.00105393 1 1 0
2.94149 0.00105175 0.00105175 1 1 0
2.94649 0.00104958 0.00104958 1 1 0
2.95149 0.00104741 0.00104741 1 1 0
2.95649 0.00104525 0.00104525 1 1 0
2.96149 0.00104311 0.00104311 1 1 0
2.96649 0.00104097 0.00104097 1 1 0
2.97149 0.00103884 0.00103884 1 1 0
2.97649 0.00103672 0.00103672 1 1 0
2.98149 0.00103461 0.00103461 1 1 0
2.98649 0.0010325 0.0010325 1 1 0
2.99149 0.00103041 0.00103041 1 1 0
2.99649 0.00102832 0.00102832 1 1 0
3.00149 0.00102624 0.00102624 1 1 0
3.00649 0.00102417 0.00102417 1 1 0
3.01149 0.00102211 0.00102211 1 1 0
3.01649 0.00102006 0.00102006 1 1 0
3.02149 0.00101802 0.00101802 1 1 0
3.02649 0.00101598 0.00101598 1 1 0
3.03149 0.00101395 0.00101395 1 1 0
3.03649 0.00101193 0.00101193 1 1 0
3.04149 0.00100992 0.00100992 1 1 0
3.04649 0.00100791 0.00100791 1 1 0
3.05149 0.00100592 0.00100592 1 1 0
3.05649 0.00100393 0.00100393 1 1 0
3.06149 0.00100195 0.00100195 1 1 0
3.06649 0.000999977 0.000999977 1 1 0
3.07149 0.000998013 0.000998013 1 1 0
3.07649 0.000996056 0.000996056 1 1 0
3.08149 0.000994107 0.000994107 1 1 0
3.08649 0.000992165 0.000992165 1 1 0
3.09149 0.000990231 0.000990231 1 1 0
3.09649 0.000988305 0.000988305 1 1 0
3.10149 0.000986386 0.000986386 1 1 0
3.10649 0.000984474 0.000984474 1 1 0
3.11149 0.00098257 0.00098257 1 1 0
3.11649 0.000980673 0.000980673 1 1 0
3.12149 0.000978784 0.000978784 1 1 0
3.12649 0.000976902 0.000976902 1 1 0
3.13149 0.000975027 0.000975027 1 1 0
3.13649 0.00097316 0.00097316 1 1 0
3.14149 0.000971299 0.000971299 1 1 0
3.14649 0.000969446 0.000969446 1 1 0
3.15149 0.0009676 0.0009676 1 1 0
3.15649 0.000965761 0.000965761 1 1 0
3.16149 0.000963928 0.000963928 1 1 0
3.16649 0.000962103 0.000962103 1 1 0
3.17149 0.000960285 0.000960285 1 1 0
3.17649 0.000958474 0.000958474 1 1 0
3.18149 0.000956669 0.000956669 1 1 0
3.18649 0.000954871 0.000954871 1 1 0
3.19149 0.00095308 0.00095308 1 1 0
3.19649 0.000951296 0.000951296 1 1 0
3.20149 0.000949519 0.000949519 1 1 0
3.20649 0.000947748 0.000947748 1 1 0
3.21149 0.000945984 0.000945984 1 1 0
3.21649 0.000944226 0.000944226 1 1 0
3.22149 0.000942475 0.000942475 1 1 0
3.22649 0.00094073 0.00094073 1 1 0
3.23149 0.000938992 0.000938992 1 1 0
3.23649 0.00093726 0.00093726 1 1 0
3.24149 0.000935535 0.000935535 1 1 0
3.24649 0.000933816 0.000933816 1 1 0
3.25149 0.000932103 0.000932103 1 1 0
3.25649 0.000930397 0.000930397 1 1 0
3.26148 0.000928697 0.000928697 1 1 0
3.26648 0.000927003 0.000927003 1 1 0
3.27148 0.000925315 0.000925315 1 1 0
3.27648 0.000923634 0.000923634 1 1 0
3.28148 0.000921958 0.000921958 1 1 0
3.28648 0.000920289 0.000920289 1 1 0
3.29148 0.000918626 0.000918626 1 1 0
3.29648 0.000916968 0.000916968 1 1 0
3.30148 0.000915317 0.000915317 1 1 0
3.30648 0.000913672 0.000913672 1 1 0
3.31148 0.000912032 0.000912032 1 1 0
3.31648 0.000910399 0.000910399 1 1 0
3.32148 0.000908771 0.000908771 1 1 0
3.32648 0.00090715 0.00090715 1 1 0
3.33148 0.000905534 0.000905534 1 1 0
3.33648 0.000903923 0.000903923 1 1 0
3.34148 0.000902319 0.000902319 1 1 0
3.34648 0.00090072 0.00090072 1 1 0
3.35148 0.000899127 0.000899127 1 1 0
3.35648 0.000897539 0.000897539 1 1 0
3.36148 0.000895958 0.000895958 1 1 0
3.36648 0.000894381 0.000894381 1 1 0
3.37148 0.000892811 0.000892811 1 1 0
3.37648 0.000891245 0.000891245 1 1 0
3.38148 0.000889686 0.000889686 1 1 0
3.38648 0.000888131 0.000888131 1 1 0
3.39148 0.000886583 0.000886583 1 1 0
3.39648 0.000885039 0.000885039 1 1 0
3.40148 0.000883501 0.000883501 1 1 0
3.40648 0.000881969 0.000881969 1 1 0
3.41148 0.000880441 0.000880441 1 1 0
3.41648 0.000878919 0.000878919 1 1 0
3.42148 0.000877402 0.000877402 1 1 0
3.42648 0.000875891 0.000875891 1 1 0
3.43148 0.000874385 0.000874385 1 1 0
3.43648 0.000872884 0.000872884 1 1 0
3.44148 0.000871388 0.000871388 1 1 0
3.44648 0.000869897 0.000869897 1 1 0
3.45148 0.000868411 0.000868411 1 1 0
3.45648 0.00086693 0.00086693 1 1 0
3.46148 0.000865455 0.000865455 1 1 0
3.46648 0.000863984 0.000863984 1 1 0
3.47148 0.000862519 0.000862519 1 1 0
3.47648 0.000861058 0.000861058 1 1 0
3.48148 0.000859603 0.000859603 1 1 0
3.48648 0.000858152 0.000858152 1 1 0
3.49148 0.000856706 0.000856706 1 1 0
3.49648 0.000855265 0.000855265 1 1 0
3.50148 0.000853829 0.000853829 1 1 0
3.50648 0.000852398 0.000852398 1 1 0
3.51148 0.000850971 0.000850971 1 1 0
3.51648 0.00084955 0.00084955 1 1 0
3.52148 0.000848133 0.000848133 1 1 0
3.52648 0.000846721 0.000846721 1 1 0
3.53148 0.000845313 0.000845313 1 1 0
3.53648 0.000843911 0.000843911 1 1 0
3.54148 0.000842512 0.000842512 1 1 0
3.54648 0.000841119 0.000841119 1 1 0
3.55148 0.00083973 0.00083973 1 1 0
3.55648 0.000838346 0.000838346 1 1 0
3.56148 0.000836966 0.000836966 1 1 0
3.56648 0.000835591 0.000835591 1 1 0
3.57148 0.00083422 0.00083422 1 1 0
3.57648 0.000832854 0.000832854 1 1 0
3.58148 0.000831493 0.000831493 1 1 0
3.58648 0.000830135 0.000830135 1 1 0
3.59148 0.000828783 0.000828783 1 1 0
3.59648 0.000827434 0.000827434 1 1 0
3.60148 0.00082609 0.00082609 1 1 0
3.60648 0.000824751 0.000824751 1 1 0
3.61148 0.000823416 0.000823416 1 1 0
3.61648 0.000822085 0.000822085 1 1 0
3.62148 0.000820758 0.000820758 1 1 0
3.62648 0.000819436 0.000819436 1 1 0
3.63148 0.000818118 0.000818118 1 1 0
3.63648 0.000816804 0.000816804 1 1 0
3.64148 0.000815494 0.000815494 1 1 0
3.64648 0.000814189 0.000814189 1 1 0
3.65148 0.000812888 0.000812888 1 1 0
3.65648 0.000811591 0.000811591 1 1 0
3.66148 0.000810298 0.000810298 1 1 0
3.66648 0.000809009 0.000809009 1 1 0
3.67148 0.000807725 0.000807725 1 1 0
3.67648 0.000806444 0.000806444 1 1 0
3.68148 0.000805168 0.000805168 1 1 0
3.68648 0.000803895 0.000803895 1 1 0
3.69148 0.000802627 0.000802627 1 1 0
3.69648 0.000801362 0.000801362 1 1 0
3.70148 0.000800102 0.000800102 1 1 0
3.70648 0.000798845 0.000798845 1 1 0
3.71148 0.000797593 0.000797593 1 1 0
3.71648 0.000796344 0.000796344 1 1 0
3.72148 0.0007951 0.0007951 1 1 0
3.72648 0.000793859 0.000793859 1 1 0
3.73148 0.000792622 0.000792622 1 1 0
3.73648 0.000791389 0.000791389 1 1 0
3.74148 0.00079016 0.00079016 1 1 0
3.74648 0.000788934 0.000788934 1 1 0
3.75148 0.000787713 0.000787713 1 1 0
3.75648 0.000786495 0.000786495 1 1 0
3.76148 0.000785281 0.000785281 1 1 0
3.76648 0.000784071 0.000784071 1 1 0
3.77148 0.000782864 0.000782864 1 1 0
3.77648 0.000781661 0.000781661 1 1 0
3.78148 0.000780462 0.000780462 1 1 0
3.78648 0.000779267 0.000779267 1 1 0
3.79148 0.000778075 0.000778075 1 1 0
3.79648 0.000776887 0.000776887 1 1 0
3.80148 0.000775702 0.000775702 1 1 0
3.80648 0.000774522 0.000774522 1 1 0
3.81148 0.000773344 0.000773344 1 1 0
3.81648 0.000772171 0.000772171 1 1 0
3.82148 0.000771 0.000771 1 1 0
3.82648 0.000769834 0.000769834 1 1 0
3.83148 0.000768671 0.000768671 1 1 0
3.83648 0.000767511 0.000767511 1 1 0
3.84148 0.000766355 0.000766355 1 1 0
3.84648 0.000765203 0.000765203 1 1 0
3.85148 0.000764054 0.000764054 1 1 0
3.85648 0.000762908 0.000762908 1 1 0
3.86148 0.000761766 0.000761766 1 1 0
3.86648 0.000760627 0.000760627 1 1 0
3.87148 0.000759492 0.000759492 1 1 0
3.87648 0.00075836 0.00075836 1 1 0
3.88148 0.000757231 0.000757231 1 1 0
3.88648 0.000756106 0.000756106 1 1 0
3.89148 0.000754984 0.000754984 1 1 0
3.89648 0.000753866 0.000753866 1 1 0
3.90148 0.00075275 0.00075275 1 1 0
3.90648 0.000751638 0.000751638 1 1 0
3.91148 0.00075053 0.00075053 1 1 0
3.91648 0.000749424 0.000749424 1 1 0
3.92148 0.000748322 0.000748322 1 1 0
3.92648 0.000747223 0.000747223 1 1 0
3.93148 0.000746128 0.000746128 1 1 0
3.93648 0.000745035 0.000745035 1 1 0
3.94148 0.000743946 0.000743946 1 1 0
3.94648 0.00074286 0.00074286 1 1 0
3.95148 0.000741777 0.000741777 1 1 0
3.95648 0.000740698 0.000740698 1 1 0
3.96148 0.000739621 0.000739621 1 1 0
3.96648 0.000738548 0.000738548 1 1 0
3.97148 0.000737477 0.000737477 1 1 0
3.97648 0.00073641 0.00073641 1 1 0
3.98148 0.000735346 0.000735346 1 1 0
3.98648 0.000734285 0.000734285 1 1 0
3.99148 0.000733227 0.000733227 1 1 0
3.99648 0.000732172 0.000732172 1 1 0
4.00148 0.00073112 0.00073112 1 1 0
4.00648 0.000730071 0.000730071 1 1 0
4.01148 0.000729026 0.000729026 1 1 0
4.01648 0.000727983 0.000727983 1 1 0
4.02148 0.000726943 0.000726943 1 1 0
4.02648 0.000725906 0.000725906 1 1 0
4.03148 0.000724872 0.000724872 1 1 0
4.03648 0.000723841 0.000723841 1 1 0
4.04148 0.000722813 0.000722813 1 1 0
4.04648 0.000721788 0.000721788 1 1 0
4.05148 0.000720766 0.000720766 1 1 0
4.05648 0.000719747 0.000719747 1 1 0
4.06148 0.00071873 0.00071873 1 1 0
4.06648 0.000717717 0.000717717 1 1 0
4.07148 0.000716706 0.000716706 1 1 0
4.07648 0.000715698 0.000715698 1 1 0
4.08148 0.000714693 0.000714693 1 1 0
4.08648 0.000713691 0.000713691 1 1 0
4.09148 0.000712691 0.000712691 1 1 0
4.09648 0.000711695 0.000711695 1 1 0
4.10148 0.000710701 0.000710701 1 1 0
4.10648 0.00070971 0.00070971 1 1 0
4.11148 0.000708722 0.000708722 1 1 0
4.11648 0.000707736 0.000707736 1 1 0
4.12148 0.000706754 0.000706754 1 1 0
4.12648 0.000705774 0.000705774 1 1 0
4.13148 0.000704796 0.000704796 1 1 0
4.13648 0.000703822 0.000703822 1 1 0
4.14148 0.00070285 0.00070285 1 1 0
4.14648 0.000701881 0.000701881 1 1 0
4.15148 0.000700914 0.000700914 1 1 0
4.15648 0.00069995 0.00069995 1 1 0
4.16148 0.000698989 0.000698989 1 1 0
4.16648 0.00069803 0.00069803 1 1 0
4.17148 0.000697075 0.000697075 1 1 0
4.17648 0.000696121 0.000696121 1 1 0
4.18148 0.00069517 0.00069517 1 1 0
4.18648 0.000694222 0.000694222 1 1 0
4.19148 0.000693277 0.000693277 1 1 0
4.19648 0.000692334 0.000692334 1 1 0
4.20148 0.000691394 0.000691394 1 1 0
4.20648 0.000690456 0.000690456 1 1 0
4.21148 0.00068952 0.00068952 1 1 0
4.21648 0.000688588 0.000688588 1 1 0
4.22148 0.000687657 0.000687657 1 1 0
4.22648 0.00068673 0.00068673 1 1 0
4.23148 0.000685805 0.000685805 1 1 0
4.23648 0.000684882 0.000684882 1 1 0
4.24148 0.000683962 0.000683962 1 1 0
4.24648 0.000683044 0.000683044 1 1 0
4.25148 0.000682129 0.000682129 1 1 0
4.25648 0.000681216 0.000681216 1 1 0
4.26148 0.000680305 0.000680305 1 1 0
4.26648 0.000679397 0.000679397 1 1 0
4.27148 0.000678492 0.000678492 1 1 0
4.27648 0.000677589 0.000677589 1 1 0
4.28148 0.000676688 0.000676688 1 1 0
4.28648 0.00067579 0.00067579 1 1 0
4.29148 0.000674894 0.000674894 1 1 0
4.29648 0.000674 0.000674 1 1 0
4.30148 0.000673109 0.000673109 1 1 0
4.30648 0.00067222 0.00067222 1 1 0
4.31148 0.000671334 0.000671334 1 1 0
4.31648 0.00067045 0.00067045 1 1 0
4.32148 0.000669568 0.000669568 1 1 0
4.32648 0.000668688 0.000668688 1 1 0
4.33148 0.000667811 0.000667811 1 1 0
4.33648 0.000666936 0.000666936 1 1 0
4.34148 0.000666064 0.000666064 1 1 0
4.34648 0.000665194 0.000665194 1 1 0
4.35148 0.000664325 0.000664325 1 1 0
4.35648 0.00066346 0.00066346 1 1 0
4.36148 0.000662596 0.000662596 1 1 0
4.36648 0.000661735 0.000661735 1 1 0
4.37148 0.000660876 0.000660876 1 1 0
4.37648 0.000660019 0.000660019 1 1 0
4.38148 0.000659165 0.000659165 1 1 0
4.38648 0.000658312 0.000658312 1 1 0
4.39148 0.000657462 0.000657462 1 1 0
4.39648 0.000656614 0.000656614 1 1 0
4.40148 0.000655769 0.000655769 1 1 0
4.40648 0.000654925 0.000654925 1 1 0
4.41148 0.000654084 0.000654084 1 1 0
4.41648 0.000653244 0.000653244 1 1 0
4.42148 0.000652407 0.000652407 1 1 0
4.42648 0.000651572 0.000651572 1 1 0
4.43148 0.00065074 0.00065074 1 1 0
4.43648 0.000649909 0.000649909 1 1 0
4.44148 0.00064908 0.00064908 1 1 0
4.44648 0.000648254 0.000648254 1 1 0
4.45148 0.00064743 0.00064743 1 1 0
4.45648 0.000646607 0.000646607 1 1 0
4.46148 0.000645787 0.000645787 1 1 0
4.46648 0.000644969 0.000644969 1 1 0
4.47148 0.000644153 0.000644153 1 1 0
4.47648 0.000643339 0.000643339 1 1 0
4.48148 0.000642527 0.000642527 1 1 0
4.48648 0.000641718 0.000641718 1 1 0
4.49148 0.00064091 0.00064091 1 1 0
4.49648 0.000640104 0.000640104 1 1 0
4.50148 0.0006393 0.0006393 1 1 0
4.50648 0.000638499 0.000638499 1 1 0
4.51148 0.000637699 0.000637699 1 1 0
4.51648 0.000636901 0.000636901 1 1 0
4.52148 0.000636106 0.000636106 1 1 0
4.52648 0.000635312 0.000635312 1 1 0
4.53148 0.00063452 0.00063452 1 1 0
4.53648 0.000633731 0.000633731 1 1 0
4.54148 0.000632943 0.000632943 1 1 0
4.54648 0.000632157 0.000632157 1 1 0
4.55148 0.000631373 0.000631373 1 1 0
4.55648 0.000630591 0.000630591 1 1 0
4.56148 0.000629811 0.000629811 1 1 0
4.56648 0.000629033 0.000629033 1 1 0
4.57148 0.000628257 0.000628257 1 1 0
4.57648 0.000627483 0.000627483 1 1 0
4.58148 0.000626711 0.000626711 1 1 0
4.58648 0.00062594 0.00062594 1 1 0
4.59148 0.000625172 0.000625172 1 1 0
4.59648 0.000624405 0.000624405 1 1 0
4.60148 0.00062364 0.00062364 1 1 0
4.60648 0.000622877 0.000622877 1 1 0
4.61148 0.000622116 0.000622116 1 1 0
4.61648 0.000621357 0.000621357 1 1 0
4.62148 0.0006206 0.0006206 1 1 0
4.62648 0.000619845 0.000619845 1 1 0
4.63148 0.000619091 0.000619091 1 1 0
4.63648 0.000618339 0.000618339 1 1 0
4.64148 0.000617589 0.000617589 1 1 0
4.64648 0.000616841 0.000616841 1 1 0
4.65148 0.000616095 0.000616095 1 1 0
4.65648 0.00061535 0.00061535 1 1 0
4.66148 0.000614608 0.000614608 1 1 0
4.66648 0.000613867 0.000613867 1 1 0
4.67148 0.000613128 0.000613128 1 1 0
4.67648 0.00061239 0.00061239 1 1 0
4.68148 0.000611655 0.000611655 1 1 0
4.68648 0.000610921 0.000610921 1 1 0
4.69148 0.000610189 0.000610189 1 1 0
4.69648 0.000609459 0.000609459 1 1 0
4.70148 0.00060873 0.00060873 1 1 0
4.70648 0.000608003 0.000608003 1 1 0
4.71148 0.000607278 0.000607278 1 1 0
4.71648 0.000606555 0.000606555 1 1 0
4.72148 0.000605833 0.000605833 1 1 0
4.72648 0.000605114 0.000605114 1 1 0
4.73148 0.000604395 0.000604395 1 1 0
4.73648 0.000603679 0.000603679 1 1 0
4.74148 0.000602964 0.000602964 1 1 0
4.74648 0.000602251 0.000602251 1 1 0
4.75148 0.00060154 0.00060154 1 1 0
4.75648 0.00060083 0.00060083 1 1 0
4.76148 0.000600122 0.000600122 1 1 0
4.76648 0.000599416 0.000599416 1 1 0
4.77148 0.000598711 0.000598711 1 1 0
4.77648 0.000598008 0.000598008 1 1 0
4.78148 0.000597307 0.000597307 1 1 0
4.78648 0.000596607 0.000596607 1 1 0
4.79148 0.000595909 0.000595909 1 1 0
4.79648 0.000595212 0.000595212 1 1 0
4.80148 0.000594517 0.000594517 1 1 0
4.80648 0.000593824 0.000593824 1 1 0
4.81148 0.000593133 0.000593133 1 1 0
4.81648 0.000592443 0.000592443 1 1 0
4.82148 0.000591754 0.000591754 1 1 0
4.82648 0.000591067 0.000591067 1 1 0
4.83148 0.000590382 0.000590382 1 1 0
4.83648 0.000589699 0.000589699 1 1 0
4.84148 0.000589017 0.000589017 1 1 0
4.84648 0.000588336 0.000588336 1 1 0
4.85148 0.000587657 0.000587657 1 1 0
4.85648 0.00058698 0.00058698 1 1 0
4.86148 0.000586304 0.000586304 1 1 0
4.86648 0.00058563 0.00058563 1 1 0
4.87148 0.000584958 0.000584958 1 1 0
4.87648 0.000584286 0.000584286 1 1 0
4.88148 0.000583617 0.000583617 1 1 0
4.88648 0.000582949 0.000582949 1 1 0
4.89148 0.000582282 0.000582282 1 1 0
4.89648 0.000581618 0.000581618 1 1 0
4.90148 0.000580954 0.000580954 1 1 0
4.90648 0.000580292 0.000580292 1 1 0
4.91148 0.000579632 0.000579632 1 1 0
4.91648 0.000578973 0.000578973 1 1 0
4.92148 0.000578315 0.000578315 1 1 0
4.92648 0.00057766 0.00057766 1 1 0
4.93148 0.000577005 0.000577005 1 1 0
4.93648 0.000576352 0.000576352 1 1 0
4.94148 0.000575701 0.000575701 1 1 0
4.94648 0.000575051 0.000575051 1 1 0
4.95148 0.000574402 0.000574402 1 1 0
4.95648 0.000573755 0.000573755 1 1 0
4.96148 0.000573109 0.000573109 1 1 0
4.96648 0.000572465 0.000572465 1 1 0
4.97148 0.000571823 0.000571823 1 1 0
4.97648 0.000571181 0.000571181 1 1 0
4.98148 0.000570542 0.000570542 1 1 0
4.98648 0.000569903 0.000569903 1 1 0
4.99148 0.000569266 0.000569266 1 1 0
4.99648 0.000568631 0.000568631 1 1 0
5.00148 0.000567997 0.000567997 1 1 0
